# PS1 total system throughput, with atmosphere\n# from http://svn.pan-starrs.ifa.hawaii.edu/trac/ipp/wiki/PS1_Photometric_System\n# arXiv:1003.3465\n# i band\n
      3500.00      0.00000
      3510.00      0.00000
      3520.00      0.00000
      3530.00      0.00000
      3540.00      0.00000
      3550.00      0.00000
      3560.00      0.00000
      3570.00      0.00000
      3580.00      0.00000
      3590.00      0.00000
      3600.00      0.00000
      3610.00      0.00000
      3620.00      0.00000
      3630.00      0.00000
      3640.00      0.00000
      3650.00      0.00000
      3660.00      0.00000
      3670.00      0.00000
      3680.00      0.00000
      3690.00      0.00000
      3700.00      0.00000
      3710.00      0.00000
      3720.00      0.00000
      3730.00      0.00000
      3740.00      0.00000
      3750.00      0.00000
      3760.00      0.00000
      3770.00      0.00000
      3780.00      0.00000
      3790.00      0.00000
      3800.00      0.00000
      3810.00      0.00000
      3820.00      0.00000
      3830.00      0.00000
      3840.00      0.00000
      3850.00      0.00000
      3860.00      0.00000
      3870.00      0.00000
      3880.00      0.00000
      3890.00      0.00000
      3900.00      0.00000
      3910.00      0.00000
      3920.00      0.00000
      3930.00      0.00000
      3940.00      0.00000
      3950.00      0.00000
      3960.00      0.00000
      3970.00      0.00000
      3980.00      0.00000
      3990.00      0.00000
      4000.00      0.00000
      4010.00      0.00000
      4020.00      0.00000
      4030.00      0.00000
      4040.00      0.00000
      4050.00      0.00000
      4060.00      0.00000
      4070.00      0.00000
      4080.00      0.00000
      4090.00      0.00000
      4100.00      0.00000
      4110.00      0.00000
      4120.00      0.00000
      4130.00      0.00000
      4140.00      0.00000
      4150.00      0.00000
      4160.00      0.00000
      4170.00      0.00000
      4180.00      0.00000
      4190.00      0.00000
      4200.00      0.00000
      4210.00      0.00000
      4220.00      0.00000
      4230.00      0.00000
      4240.00      0.00000
      4250.00      0.00000
      4260.00      0.00000
      4270.00      0.00000
      4280.00      0.00000
      4290.00      0.00000
      4300.00      0.00000
      4310.00      0.00000
      4320.00      0.00000
      4330.00      0.00000
      4340.00      0.00000
      4350.00      0.00000
      4360.00      0.00000
      4370.00      0.00000
      4380.00      0.00000
      4390.00      0.00000
      4400.00      0.00000
      4410.00      0.00000
      4420.00      0.00000
      4430.00      0.00000
      4440.00      0.00000
      4450.00      0.00000
      4460.00      0.00000
      4470.00      0.00000
      4480.00      0.00000
      4490.00      0.00000
      4500.00      0.00000
      4510.00      0.00000
      4520.00      0.00000
      4530.00      0.00000
      4540.00      0.00000
      4550.00      0.00000
      4560.00      0.00000
      4570.00      0.00000
      4580.00      0.00000
      4590.00      0.00000
      4600.00      0.00000
      4610.00      0.00000
      4620.00      0.00000
      4630.00      0.00000
      4640.00      0.00000
      4650.00      0.00000
      4660.00      0.00000
      4670.00      0.00000
      4680.00      0.00000
      4690.00      0.00000
      4700.00      0.00000
      4710.00      0.00000
      4720.00      0.00000
      4730.00      0.00000
      4740.00      0.00000
      4750.00      0.00000
      4760.00      0.00000
      4770.00      0.00000
      4780.00      0.00000
      4790.00      0.00000
      4800.00      0.00000
      4810.00      0.00000
      4820.00      0.00000
      4830.00      0.00000
      4840.00      0.00000
      4850.00      0.00000
      4860.00      0.00000
      4870.00      0.00000
      4880.00      0.00000
      4890.00      0.00000
      4900.00      0.00000
      4910.00      0.00000
      4920.00      0.00000
      4930.00      0.00000
      4940.00      0.00000
      4950.00      0.00000
      4960.00      0.00000
      4970.00      0.00000
      4980.00      0.00000
      4990.00      0.00000
      5000.00      0.00000
      5010.00      0.00000
      5020.00      0.00000
      5030.00      0.00000
      5040.00      0.00000
      5050.00      0.00000
      5060.00      0.00000
      5070.00      0.00000
      5080.00      0.00000
      5090.00      0.00000
      5100.00      0.00000
      5110.00      0.00000
      5120.00      0.00000
      5130.00      0.00000
      5140.00      0.00000
      5150.00      0.00000
      5160.00      0.00000
      5170.00      0.00000
      5180.00      0.00000
      5190.00      0.00000
      5200.00      0.00000
      5210.00      0.00000
      5220.00      0.00000
      5230.00      0.00000
      5240.00      0.00000
      5250.00      0.00000
      5260.00      0.00000
      5270.00      0.00000
      5280.00      0.00000
      5290.00      0.00000
      5300.00      0.00000
      5310.00      0.00000
      5320.00      0.00000
      5330.00      0.00000
      5340.00      0.00000
      5350.00      0.00000
      5360.00      0.00000
      5370.00      0.00000
      5380.00      0.00000
      5390.00      0.00000
      5400.00      0.00000
      5410.00      0.00000
      5420.00      0.00000
      5430.00      0.00000
      5440.00      0.00000
      5450.00      0.00000
      5460.00      0.00000
      5470.00      0.00000
      5480.00      0.00000
      5490.00      0.00000
      5500.00      0.00000
      5510.00      0.00000
      5520.00      0.00000
      5530.00      0.00000
      5540.00      0.00000
      5550.00      0.00000
      5560.00      0.00000
      5570.00      0.00000
      5580.00      0.00000
      5590.00      0.00000
      5600.00      0.00000
      5610.00      0.00000
      5620.00      0.00000
      5630.00      0.00000
      5640.00      0.00000
      5650.00      0.00000
      5660.00      0.00000
      5670.00      0.00000
      5680.00      0.00000
      5690.00      0.00000
      5700.00      0.00000
      5710.00      0.00000
      5720.00      0.00000
      5730.00      0.00000
      5740.00      0.00000
      5750.00      0.00000
      5760.00      0.00000
      5770.00      0.00000
      5780.00      0.00000
      5790.00      0.00000
      5800.00      0.00000
      5810.00      0.00000
      5820.00      0.00000
      5830.00      0.00000
      5840.00      0.00000
      5850.00      0.00000
      5860.00      0.00000
      5870.00      0.00000
      5880.00      0.00000
      5890.00      0.00000
      5900.00      0.00000
      5910.00      0.00000
      5920.00      0.00000
      5930.00      0.00000
      5940.00      0.00000
      5950.00      0.00000
      5960.00      0.00000
      5970.00      0.00000
      5980.00      0.00000
      5990.00      0.00000
      6000.00      0.00000
      6010.00      0.00000
      6020.00      0.00000
      6030.00      0.00000
      6040.00      0.00000
      6050.00      0.00000
      6060.00      0.00000
      6070.00      0.00000
      6080.00      0.00000
      6090.00      0.00000
      6100.00      0.00000
      6110.00      0.00000
      6120.00      0.00000
      6130.00      0.00000
      6140.00      0.00000
      6150.00      0.00000
      6160.00      0.00000
      6170.00      0.00000
      6180.00      0.00000
      6190.00      0.00000
      6200.00      0.00000
      6210.00      0.00000
      6220.00      0.00000
      6230.00      0.00000
      6240.00      0.00000
      6250.00      0.00000
      6260.00      0.00000
      6270.00      0.00000
      6280.00      0.00000
      6290.00      0.00000
      6300.00      0.00000
      6310.00      0.00000
      6320.00      0.00000
      6330.00      0.00000
      6340.00      0.00000
      6350.00      0.00000
      6360.00      0.00000
      6370.00      0.00000
      6380.00      0.00000
      6390.00      0.00000
      6400.00      0.00000
      6410.00      0.00000
      6420.00      0.00000
      6430.00      0.00000
      6440.00      0.00000
      6450.00      0.00000
      6460.00      0.00000
      6470.00      0.00000
      6480.00      0.00000
      6490.00      0.00000
      6500.00      0.00000
      6510.00  0.000100000
      6520.00  0.000100000
      6530.00      0.00000
      6540.00  0.000100000
      6550.00  0.000100000
      6560.00  0.000100000
      6570.00      0.00000
      6580.00  0.000100000
      6590.00  0.000100000
      6600.00  0.000100000
      6610.00  0.000100000
      6620.00  0.000100000
      6630.00  0.000200000
      6640.00  0.000200000
      6650.00  0.000300000
      6660.00  0.000200000
      6670.00  0.000300000
      6680.00  0.000300000
      6690.00  0.000400000
      6700.00  0.000500000
      6710.00  0.000600000
      6720.00  0.000800000
      6730.00   0.00110000
      6740.00   0.00140000
      6750.00   0.00190000
      6760.00   0.00240000
      6770.00   0.00300000
      6780.00   0.00400000
      6790.00   0.00550000
      6800.00   0.00760000
      6810.00    0.0103000
      6820.00    0.0138000
      6830.00    0.0187000
      6840.00    0.0263000
      6850.00    0.0389000
      6860.00    0.0556000
      6870.00    0.0785000
      6880.00     0.112600
      6890.00     0.150200
      6900.00     0.186300
      6910.00     0.221000
      6920.00     0.253800
      6930.00     0.284300
      6940.00     0.310300
      6950.00     0.330500
      6960.00     0.345100
      6970.00     0.353700
      6980.00     0.357100
      6990.00     0.357100
      7000.00     0.357500
      7010.00     0.358400
      7020.00     0.359000
      7030.00     0.359600
      7040.00     0.359900
      7050.00     0.360000
      7060.00     0.359600
      7070.00     0.360200
      7080.00     0.360200
      7090.00     0.359100
      7100.00     0.358100
      7110.00     0.357600
      7120.00     0.358000
      7130.00     0.359000
      7140.00     0.360200
      7150.00     0.359800
      7160.00     0.353900
      7170.00     0.343200
      7180.00     0.332500
      7190.00     0.327700
      7200.00     0.332500
      7210.00     0.342500
      7220.00     0.351700
      7230.00     0.344000
      7240.00     0.337300
      7250.00     0.337500
      7260.00     0.338400
      7270.00     0.339100
      7280.00     0.339300
      7290.00     0.339200
      7300.00     0.339700
      7310.00     0.341100
      7320.00     0.344300
      7330.00     0.349600
      7340.00     0.352600
      7350.00     0.354100
      7360.00     0.355500
      7370.00     0.356500
      7380.00     0.357600
      7390.00     0.359200
      7400.00     0.360300
      7410.00     0.360400
      7420.00     0.360800
      7430.00     0.361100
      7440.00     0.360800
      7450.00     0.360500
      7460.00     0.360100
      7470.00     0.359100
      7480.00     0.358800
      7490.00     0.359500
      7500.00     0.360900
      7510.00     0.360600
      7520.00     0.359500
      7530.00     0.359200
      7540.00     0.358400
      7550.00     0.358500
      7560.00     0.360100
      7570.00     0.357100
      7580.00     0.331800
      7590.00     0.262500
      7600.00     0.148700
      7610.00     0.125200
      7620.00     0.167800
      7630.00     0.171900
      7640.00     0.189000
      7650.00     0.232400
      7660.00     0.276600
      7670.00     0.313400
      7680.00     0.334900
      7690.00     0.347100
      7700.00     0.353100
      7710.00     0.356600
      7720.00     0.358600
      7730.00     0.358700
      7740.00     0.359200
      7750.00     0.356900
      7760.00     0.351900
      7770.00     0.346900
      7780.00     0.344200
      7790.00     0.347900
      7800.00     0.350300
      7810.00     0.349300
      7820.00     0.348300
      7830.00     0.347700
      7840.00     0.347400
      7850.00     0.346500
      7860.00     0.344700
      7870.00     0.342700
      7880.00     0.340300
      7890.00     0.337700
      7900.00     0.335600
      7910.00     0.336400
      7920.00     0.336700
      7930.00     0.338600
      7940.00     0.340000
      7950.00     0.341300
      7960.00     0.342600
      7970.00     0.344800
      7980.00     0.346300
      7990.00     0.346400
      8000.00     0.344700
      8010.00     0.343800
      8020.00     0.343500
      8030.00     0.343700
      8040.00     0.343300
      8050.00     0.343400
      8060.00     0.342200
      8070.00     0.340500
      8080.00     0.338400
      8090.00     0.337000
      8100.00     0.334700
      8110.00     0.331900
      8120.00     0.327100
      8130.00     0.320000
      8140.00     0.312900
      8150.00     0.305300
      8160.00     0.297900
      8170.00     0.291000
      8180.00     0.279500
      8190.00     0.256400
      8200.00     0.220200
      8210.00     0.174600
      8220.00     0.123700
      8230.00    0.0844000
      8240.00    0.0606000
      8250.00    0.0424000
      8260.00    0.0291000
      8270.00    0.0195000
      8280.00    0.0131000
      8290.00   0.00890000
      8300.00   0.00620000
      8310.00   0.00440000
      8320.00   0.00300000
      8330.00   0.00220000
      8340.00   0.00160000
      8350.00   0.00120000
      8360.00   0.00100000
      8370.00  0.000700000
      8380.00  0.000600000
      8390.00  0.000500000
      8400.00  0.000400000
      8410.00  0.000300000
      8420.00  0.000300000
      8430.00  0.000300000
      8440.00  0.000200000
      8450.00  0.000200000
      8460.00  0.000200000
      8470.00  0.000200000
      8480.00  0.000200000
      8490.00  0.000100000
      8500.00  0.000100000
      8510.00      0.00000
      8520.00      0.00000
      8530.00      0.00000
      8540.00      0.00000
      8550.00      0.00000
      8560.00      0.00000
      8570.00      0.00000
      8580.00      0.00000
      8590.00      0.00000
      8600.00      0.00000
      8610.00      0.00000
      8620.00      0.00000
      8630.00      0.00000
      8640.00      0.00000
      8650.00      0.00000
      8660.00      0.00000
      8670.00      0.00000
      8680.00      0.00000
      8690.00      0.00000
      8700.00      0.00000
      8710.00      0.00000
      8720.00      0.00000
      8730.00      0.00000
      8740.00      0.00000
      8750.00      0.00000
      8760.00      0.00000
      8770.00      0.00000
      8780.00      0.00000
      8790.00      0.00000
      8800.00      0.00000
      8810.00      0.00000
      8820.00      0.00000
      8830.00      0.00000
      8840.00      0.00000
      8850.00      0.00000
      8860.00      0.00000
      8870.00      0.00000
      8880.00      0.00000
      8890.00      0.00000
      8900.00      0.00000
      8910.00      0.00000
      8920.00      0.00000
      8930.00      0.00000
      8940.00      0.00000
      8950.00      0.00000
      8960.00      0.00000
      8970.00      0.00000
      8980.00      0.00000
      8990.00      0.00000
      9000.00      0.00000
      9010.00      0.00000
      9020.00      0.00000
      9030.00      0.00000
      9040.00      0.00000
      9050.00      0.00000
      9060.00      0.00000
      9070.00      0.00000
      9080.00      0.00000
      9090.00      0.00000
      9100.00      0.00000
      9110.00      0.00000
      9120.00      0.00000
      9130.00      0.00000
      9140.00      0.00000
      9150.00      0.00000
      9160.00      0.00000
      9170.00      0.00000
      9180.00      0.00000
      9190.00      0.00000
      9200.00      0.00000
      9210.00      0.00000
      9220.00      0.00000
      9230.00      0.00000
      9240.00      0.00000
      9250.00      0.00000
      9260.00      0.00000
      9270.00      0.00000
      9280.00      0.00000
      9290.00      0.00000
      9300.00      0.00000
      9310.00      0.00000
      9320.00      0.00000
      9330.00      0.00000
      9340.00      0.00000
      9350.00      0.00000
      9360.00      0.00000
      9370.00      0.00000
      9380.00      0.00000
      9390.00      0.00000
      9400.00      0.00000
      9410.00      0.00000
      9420.00      0.00000
      9430.00      0.00000
      9440.00      0.00000
      9450.00      0.00000
      9460.00      0.00000
      9470.00      0.00000
      9480.00      0.00000
      9490.00      0.00000
      9500.00      0.00000
      9510.00      0.00000
      9520.00      0.00000
      9530.00      0.00000
      9540.00      0.00000
      9550.00      0.00000
      9560.00      0.00000
      9570.00      0.00000
      9580.00      0.00000
      9590.00      0.00000
      9600.00      0.00000
      9610.00      0.00000
      9620.00      0.00000
      9630.00      0.00000
      9640.00      0.00000
      9650.00      0.00000
      9660.00      0.00000
      9670.00      0.00000
      9680.00      0.00000
      9690.00      0.00000
      9700.00      0.00000
      9710.00      0.00000
      9720.00      0.00000
      9730.00      0.00000
      9740.00      0.00000
      9750.00      0.00000
      9760.00      0.00000
      9770.00      0.00000
      9780.00      0.00000
      9790.00      0.00000
      9800.00      0.00000
      9810.00      0.00000
      9820.00      0.00000
      9830.00      0.00000
      9840.00      0.00000
      9850.00      0.00000
      9860.00      0.00000
      9870.00      0.00000
      9880.00      0.00000
      9890.00      0.00000
      9900.00      0.00000
      9910.00      0.00000
      9920.00      0.00000
      9930.00      0.00000
      9940.00      0.00000
      9950.00      0.00000
      9960.00      0.00000
      9970.00      0.00000
      9980.00      0.00000
      9990.00      0.00000
      10000.0      0.00000
      10010.0      0.00000
      10020.0      0.00000
      10030.0      0.00000
      10040.0      0.00000
      10050.0      0.00000
      10060.0      0.00000
      10070.0      0.00000
      10080.0      0.00000
      10090.0      0.00000
      10100.0      0.00000
      10110.0      0.00000
      10120.0      0.00000
      10130.0      0.00000
      10140.0      0.00000
      10150.0      0.00000
      10160.0      0.00000
      10170.0      0.00000
      10180.0      0.00000
      10190.0      0.00000
      10200.0      0.00000
      10210.0      0.00000
      10220.0      0.00000
      10230.0      0.00000
      10240.0      0.00000
      10250.0      0.00000
      10260.0      0.00000
      10270.0      0.00000
      10280.0      0.00000
      10290.0      0.00000
      10300.0      0.00000
      10310.0      0.00000
      10320.0      0.00000
      10330.0      0.00000
      10340.0      0.00000
      10350.0      0.00000
      10360.0      0.00000
      10370.0      0.00000
      10380.0      0.00000
      10390.0      0.00000
      10400.0      0.00000
      10410.0      0.00000
      10420.0      0.00000
      10430.0      0.00000
      10440.0      0.00000
      10450.0      0.00000
      10460.0      0.00000
      10470.0      0.00000
      10480.0      0.00000
      10490.0      0.00000
      10500.0      0.00000
      10510.0      0.00000
      10520.0      0.00000
      10530.0      0.00000
      10540.0      0.00000
      10550.0      0.00000
      10560.0      0.00000
      10570.0      0.00000
      10580.0      0.00000
      10590.0      0.00000
      10600.0      0.00000
      10610.0      0.00000
      10620.0      0.00000
      10630.0      0.00000
      10640.0      0.00000
      10650.0      0.00000
      10660.0      0.00000
      10670.0      0.00000
      10680.0      0.00000
      10690.0      0.00000
      10700.0      0.00000
      10710.0      0.00000
      10720.0      0.00000
      10730.0      0.00000
      10740.0      0.00000
      10750.0      0.00000
      10760.0      0.00000
      10770.0      0.00000
      10780.0      0.00000
      10790.0      0.00000
      10800.0      0.00000
      10810.0      0.00000
      10820.0      0.00000
      10830.0      0.00000
      10840.0      0.00000
      10850.0      0.00000
      10860.0      0.00000
      10870.0      0.00000
      10880.0      0.00000
      10890.0      0.00000
      10900.0      0.00000
      10910.0      0.00000
      10920.0      0.00000
      10930.0      0.00000
      10940.0      0.00000
      10950.0      0.00000
      10960.0      0.00000
      10970.0      0.00000
      10980.0      0.00000
      10990.0      0.00000
      11000.0      0.00000
