# DES system throughputs
# source: ~Flaugher 2010.  Calculations by Huan Lin, Aug 2010.
# Preliminary: CFHT mirror reflectivity used, some assumptions made 
# about the qe, filters, correctors.# DES Y

      3000.00      0.00000
      3005.00      0.00000
      3010.00      0.00000
      3015.00      0.00000
      3020.00      0.00000
      3025.00      0.00000
      3030.00      0.00000
      3035.00      0.00000
      3040.00      0.00000
      3045.00      0.00000
      3050.00      0.00000
      3055.00      0.00000
      3060.00      0.00000
      3065.00      0.00000
      3070.00      0.00000
      3075.00      0.00000
      3080.00      0.00000
      3085.00      0.00000
      3090.00      0.00000
      3095.00      0.00000
      3100.00      0.00000
      3105.00      0.00000
      3110.00      0.00000
      3115.00      0.00000
      3120.00      0.00000
      3125.00      0.00000
      3130.00      0.00000
      3135.00      0.00000
      3140.00      0.00000
      3145.00      0.00000
      3150.00      0.00000
      3155.00      0.00000
      3160.00      0.00000
      3165.00      0.00000
      3170.00      0.00000
      3175.00      0.00000
      3180.00      0.00000
      3185.00      0.00000
      3190.00      0.00000
      3195.00      0.00000
      3200.00      0.00000
      3205.00      0.00000
      3210.00      0.00000
      3215.00      0.00000
      3220.00      0.00000
      3225.00      0.00000
      3230.00      0.00000
      3235.00      0.00000
      3240.00      0.00000
      3245.00      0.00000
      3250.00      0.00000
      3255.00      0.00000
      3260.00      0.00000
      3265.00      0.00000
      3270.00      0.00000
      3275.00      0.00000
      3280.00      0.00000
      3285.00      0.00000
      3290.00      0.00000
      3295.00      0.00000
      3300.00      0.00000
      3305.00      0.00000
      3310.00      0.00000
      3315.00      0.00000
      3320.00      0.00000
      3325.00      0.00000
      3330.00      0.00000
      3335.00      0.00000
      3340.00      0.00000
      3345.00      0.00000
      3350.00      0.00000
      3355.00      0.00000
      3360.00      0.00000
      3365.00      0.00000
      3370.00      0.00000
      3375.00      0.00000
      3380.00      0.00000
      3385.00      0.00000
      3390.00      0.00000
      3395.00      0.00000
      3400.00      0.00000
      3405.00      0.00000
      3410.00      0.00000
      3415.00      0.00000
      3420.00      0.00000
      3425.00      0.00000
      3430.00      0.00000
      3435.00      0.00000
      3440.00      0.00000
      3445.00      0.00000
      3450.00      0.00000
      3455.00      0.00000
      3460.00      0.00000
      3465.00      0.00000
      3470.00      0.00000
      3475.00      0.00000
      3480.00      0.00000
      3485.00      0.00000
      3490.00      0.00000
      3495.00      0.00000
      3500.00      0.00000
      3505.00      0.00000
      3510.00      0.00000
      3515.00      0.00000
      3520.00      0.00000
      3525.00      0.00000
      3530.00      0.00000
      3535.00      0.00000
      3540.00      0.00000
      3545.00      0.00000
      3550.00      0.00000
      3555.00      0.00000
      3560.00      0.00000
      3565.00      0.00000
      3570.00      0.00000
      3575.00      0.00000
      3580.00      0.00000
      3585.00      0.00000
      3590.00      0.00000
      3595.00      0.00000
      3600.00      0.00000
      3605.00      0.00000
      3610.00      0.00000
      3615.00      0.00000
      3620.00      0.00000
      3625.00      0.00000
      3630.00      0.00000
      3635.00      0.00000
      3640.00      0.00000
      3645.00      0.00000
      3650.00      0.00000
      3655.00      0.00000
      3660.00      0.00000
      3665.00      0.00000
      3670.00      0.00000
      3675.00      0.00000
      3680.00      0.00000
      3685.00      0.00000
      3690.00      0.00000
      3695.00      0.00000
      3700.00      0.00000
      3705.00      0.00000
      3710.00      0.00000
      3715.00      0.00000
      3720.00      0.00000
      3725.00      0.00000
      3730.00      0.00000
      3735.00      0.00000
      3740.00      0.00000
      3745.00      0.00000
      3750.00      0.00000
      3755.00      0.00000
      3760.00      0.00000
      3765.00      0.00000
      3770.00      0.00000
      3775.00      0.00000
      3780.00      0.00000
      3785.00      0.00000
      3790.00      0.00000
      3795.00      0.00000
      3800.00      0.00000
      3805.00      0.00000
      3810.00      0.00000
      3815.00      0.00000
      3820.00      0.00000
      3825.00      0.00000
      3830.00      0.00000
      3835.00      0.00000
      3840.00      0.00000
      3845.00      0.00000
      3850.00      0.00000
      3855.00      0.00000
      3860.00      0.00000
      3865.00      0.00000
      3870.00      0.00000
      3875.00      0.00000
      3880.00      0.00000
      3885.00      0.00000
      3890.00      0.00000
      3895.00      0.00000
      3900.00      0.00000
      3905.00      0.00000
      3910.00      0.00000
      3915.00      0.00000
      3920.00      0.00000
      3925.00      0.00000
      3930.00      0.00000
      3935.00      0.00000
      3940.00      0.00000
      3945.00      0.00000
      3950.00      0.00000
      3955.00      0.00000
      3960.00      0.00000
      3965.00      0.00000
      3970.00      0.00000
      3975.00      0.00000
      3980.00      0.00000
      3985.00      0.00000
      3990.00      0.00000
      3995.00      0.00000
      4000.00      0.00000
      4005.00      0.00000
      4010.00      0.00000
      4015.00      0.00000
      4020.00      0.00000
      4025.00      0.00000
      4030.00      0.00000
      4035.00      0.00000
      4040.00      0.00000
      4045.00      0.00000
      4050.00      0.00000
      4055.00      0.00000
      4060.00      0.00000
      4065.00      0.00000
      4070.00      0.00000
      4075.00      0.00000
      4080.00      0.00000
      4085.00      0.00000
      4090.00      0.00000
      4095.00      0.00000
      4100.00      0.00000
      4105.00      0.00000
      4110.00      0.00000
      4115.00      0.00000
      4120.00      0.00000
      4125.00      0.00000
      4130.00      0.00000
      4135.00      0.00000
      4140.00      0.00000
      4145.00      0.00000
      4150.00      0.00000
      4155.00      0.00000
      4160.00      0.00000
      4165.00      0.00000
      4170.00      0.00000
      4175.00      0.00000
      4180.00      0.00000
      4185.00      0.00000
      4190.00      0.00000
      4195.00      0.00000
      4200.00      0.00000
      4205.00      0.00000
      4210.00      0.00000
      4215.00      0.00000
      4220.00      0.00000
      4225.00      0.00000
      4230.00      0.00000
      4235.00      0.00000
      4240.00      0.00000
      4245.00      0.00000
      4250.00      0.00000
      4255.00      0.00000
      4260.00      0.00000
      4265.00      0.00000
      4270.00      0.00000
      4275.00      0.00000
      4280.00      0.00000
      4285.00      0.00000
      4290.00      0.00000
      4295.00      0.00000
      4300.00      0.00000
      4305.00      0.00000
      4310.00      0.00000
      4315.00      0.00000
      4320.00      0.00000
      4325.00      0.00000
      4330.00      0.00000
      4335.00      0.00000
      4340.00      0.00000
      4345.00      0.00000
      4350.00      0.00000
      4355.00      0.00000
      4360.00      0.00000
      4365.00      0.00000
      4370.00      0.00000
      4375.00      0.00000
      4380.00      0.00000
      4385.00      0.00000
      4390.00      0.00000
      4395.00      0.00000
      4400.00      0.00000
      4405.00      0.00000
      4410.00      0.00000
      4415.00      0.00000
      4420.00      0.00000
      4425.00      0.00000
      4430.00      0.00000
      4435.00      0.00000
      4440.00      0.00000
      4445.00      0.00000
      4450.00      0.00000
      4455.00      0.00000
      4460.00      0.00000
      4465.00      0.00000
      4470.00      0.00000
      4475.00      0.00000
      4480.00      0.00000
      4485.00      0.00000
      4490.00      0.00000
      4495.00      0.00000
      4500.00      0.00000
      4505.00      0.00000
      4510.00      0.00000
      4515.00      0.00000
      4520.00      0.00000
      4525.00      0.00000
      4530.00      0.00000
      4535.00      0.00000
      4540.00      0.00000
      4545.00      0.00000
      4550.00      0.00000
      4555.00      0.00000
      4560.00      0.00000
      4565.00      0.00000
      4570.00      0.00000
      4575.00      0.00000
      4580.00      0.00000
      4585.00      0.00000
      4590.00      0.00000
      4595.00      0.00000
      4600.00      0.00000
      4605.00      0.00000
      4610.00      0.00000
      4615.00      0.00000
      4620.00      0.00000
      4625.00      0.00000
      4630.00      0.00000
      4635.00      0.00000
      4640.00      0.00000
      4645.00      0.00000
      4650.00      0.00000
      4655.00      0.00000
      4660.00      0.00000
      4665.00      0.00000
      4670.00      0.00000
      4675.00      0.00000
      4680.00      0.00000
      4685.00      0.00000
      4690.00      0.00000
      4695.00      0.00000
      4700.00      0.00000
      4705.00      0.00000
      4710.00      0.00000
      4715.00      0.00000
      4720.00      0.00000
      4725.00      0.00000
      4730.00      0.00000
      4735.00      0.00000
      4740.00      0.00000
      4745.00      0.00000
      4750.00      0.00000
      4755.00      0.00000
      4760.00      0.00000
      4765.00      0.00000
      4770.00      0.00000
      4775.00      0.00000
      4780.00      0.00000
      4785.00      0.00000
      4790.00      0.00000
      4795.00      0.00000
      4800.00      0.00000
      4805.00      0.00000
      4810.00      0.00000
      4815.00      0.00000
      4820.00      0.00000
      4825.00      0.00000
      4830.00      0.00000
      4835.00      0.00000
      4840.00      0.00000
      4845.00      0.00000
      4850.00      0.00000
      4855.00      0.00000
      4860.00      0.00000
      4865.00      0.00000
      4870.00      0.00000
      4875.00      0.00000
      4880.00      0.00000
      4885.00      0.00000
      4890.00      0.00000
      4895.00      0.00000
      4900.00      0.00000
      4905.00      0.00000
      4910.00      0.00000
      4915.00      0.00000
      4920.00      0.00000
      4925.00      0.00000
      4930.00      0.00000
      4935.00      0.00000
      4940.00      0.00000
      4945.00      0.00000
      4950.00      0.00000
      4955.00      0.00000
      4960.00      0.00000
      4965.00      0.00000
      4970.00      0.00000
      4975.00      0.00000
      4980.00      0.00000
      4985.00      0.00000
      4990.00      0.00000
      4995.00      0.00000
      5000.00      0.00000
      5005.00      0.00000
      5010.00      0.00000
      5015.00      0.00000
      5020.00      0.00000
      5025.00      0.00000
      5030.00      0.00000
      5035.00      0.00000
      5040.00      0.00000
      5045.00      0.00000
      5050.00      0.00000
      5055.00      0.00000
      5060.00      0.00000
      5065.00      0.00000
      5070.00      0.00000
      5075.00      0.00000
      5080.00      0.00000
      5085.00      0.00000
      5090.00      0.00000
      5095.00      0.00000
      5100.00      0.00000
      5105.00      0.00000
      5110.00      0.00000
      5115.00      0.00000
      5120.00      0.00000
      5125.00      0.00000
      5130.00      0.00000
      5135.00      0.00000
      5140.00      0.00000
      5145.00      0.00000
      5150.00      0.00000
      5155.00      0.00000
      5160.00      0.00000
      5165.00      0.00000
      5170.00      0.00000
      5175.00      0.00000
      5180.00      0.00000
      5185.00      0.00000
      5190.00      0.00000
      5195.00      0.00000
      5200.00      0.00000
      5205.00      0.00000
      5210.00      0.00000
      5215.00      0.00000
      5220.00      0.00000
      5225.00      0.00000
      5230.00      0.00000
      5235.00      0.00000
      5240.00      0.00000
      5245.00      0.00000
      5250.00      0.00000
      5255.00      0.00000
      5260.00      0.00000
      5265.00      0.00000
      5270.00      0.00000
      5275.00      0.00000
      5280.00      0.00000
      5285.00      0.00000
      5290.00      0.00000
      5295.00      0.00000
      5300.00      0.00000
      5305.00      0.00000
      5310.00      0.00000
      5315.00      0.00000
      5320.00      0.00000
      5325.00      0.00000
      5330.00      0.00000
      5335.00      0.00000
      5340.00      0.00000
      5345.00      0.00000
      5350.00      0.00000
      5355.00      0.00000
      5360.00      0.00000
      5365.00      0.00000
      5370.00      0.00000
      5375.00      0.00000
      5380.00      0.00000
      5385.00      0.00000
      5390.00      0.00000
      5395.00      0.00000
      5400.00      0.00000
      5405.00      0.00000
      5410.00      0.00000
      5415.00      0.00000
      5420.00      0.00000
      5425.00      0.00000
      5430.00      0.00000
      5435.00      0.00000
      5440.00      0.00000
      5445.00      0.00000
      5450.00      0.00000
      5455.00      0.00000
      5460.00      0.00000
      5465.00      0.00000
      5470.00      0.00000
      5475.00      0.00000
      5480.00      0.00000
      5485.00      0.00000
      5490.00      0.00000
      5495.00      0.00000
      5500.00      0.00000
      5505.00      0.00000
      5510.00      0.00000
      5515.00      0.00000
      5520.00      0.00000
      5525.00      0.00000
      5530.00      0.00000
      5535.00      0.00000
      5540.00      0.00000
      5545.00      0.00000
      5550.00      0.00000
      5555.00      0.00000
      5560.00      0.00000
      5565.00      0.00000
      5570.00      0.00000
      5575.00      0.00000
      5580.00      0.00000
      5585.00      0.00000
      5590.00      0.00000
      5595.00      0.00000
      5600.00      0.00000
      5605.00      0.00000
      5610.00      0.00000
      5615.00      0.00000
      5620.00      0.00000
      5625.00      0.00000
      5630.00      0.00000
      5635.00      0.00000
      5640.00      0.00000
      5645.00      0.00000
      5650.00      0.00000
      5655.00      0.00000
      5660.00      0.00000
      5665.00      0.00000
      5670.00      0.00000
      5675.00      0.00000
      5680.00      0.00000
      5685.00      0.00000
      5690.00      0.00000
      5695.00      0.00000
      5700.00      0.00000
      5705.00      0.00000
      5710.00      0.00000
      5715.00      0.00000
      5720.00      0.00000
      5725.00      0.00000
      5730.00      0.00000
      5735.00      0.00000
      5740.00      0.00000
      5745.00      0.00000
      5750.00      0.00000
      5755.00      0.00000
      5760.00      0.00000
      5765.00      0.00000
      5770.00      0.00000
      5775.00      0.00000
      5780.00      0.00000
      5785.00      0.00000
      5790.00      0.00000
      5795.00      0.00000
      5800.00      0.00000
      5805.00      0.00000
      5810.00      0.00000
      5815.00      0.00000
      5820.00      0.00000
      5825.00      0.00000
      5830.00      0.00000
      5835.00      0.00000
      5840.00      0.00000
      5845.00      0.00000
      5850.00      0.00000
      5855.00      0.00000
      5860.00      0.00000
      5865.00      0.00000
      5870.00      0.00000
      5875.00      0.00000
      5880.00      0.00000
      5885.00      0.00000
      5890.00      0.00000
      5895.00      0.00000
      5900.00      0.00000
      5905.00      0.00000
      5910.00      0.00000
      5915.00      0.00000
      5920.00      0.00000
      5925.00      0.00000
      5930.00      0.00000
      5935.00      0.00000
      5940.00      0.00000
      5945.00      0.00000
      5950.00      0.00000
      5955.00      0.00000
      5960.00      0.00000
      5965.00      0.00000
      5970.00      0.00000
      5975.00      0.00000
      5980.00      0.00000
      5985.00      0.00000
      5990.00      0.00000
      5995.00      0.00000
      6000.00      0.00000
      6005.00      0.00000
      6010.00      0.00000
      6015.00      0.00000
      6020.00      0.00000
      6025.00      0.00000
      6030.00      0.00000
      6035.00      0.00000
      6040.00      0.00000
      6045.00      0.00000
      6050.00      0.00000
      6055.00      0.00000
      6060.00      0.00000
      6065.00      0.00000
      6070.00      0.00000
      6075.00      0.00000
      6080.00      0.00000
      6085.00      0.00000
      6090.00      0.00000
      6095.00      0.00000
      6100.00      0.00000
      6105.00      0.00000
      6110.00      0.00000
      6115.00      0.00000
      6120.00      0.00000
      6125.00      0.00000
      6130.00      0.00000
      6135.00      0.00000
      6140.00      0.00000
      6145.00      0.00000
      6150.00      0.00000
      6155.00      0.00000
      6160.00      0.00000
      6165.00      0.00000
      6170.00      0.00000
      6175.00      0.00000
      6180.00      0.00000
      6185.00      0.00000
      6190.00      0.00000
      6195.00      0.00000
      6200.00      0.00000
      6205.00      0.00000
      6210.00      0.00000
      6215.00      0.00000
      6220.00      0.00000
      6225.00      0.00000
      6230.00      0.00000
      6235.00      0.00000
      6240.00      0.00000
      6245.00      0.00000
      6250.00      0.00000
      6255.00      0.00000
      6260.00      0.00000
      6265.00      0.00000
      6270.00      0.00000
      6275.00      0.00000
      6280.00      0.00000
      6285.00      0.00000
      6290.00      0.00000
      6295.00      0.00000
      6300.00      0.00000
      6305.00      0.00000
      6310.00      0.00000
      6315.00      0.00000
      6320.00      0.00000
      6325.00      0.00000
      6330.00      0.00000
      6335.00      0.00000
      6340.00      0.00000
      6345.00      0.00000
      6350.00      0.00000
      6355.00      0.00000
      6360.00      0.00000
      6365.00      0.00000
      6370.00      0.00000
      6375.00      0.00000
      6380.00      0.00000
      6385.00      0.00000
      6390.00      0.00000
      6395.00      0.00000
      6400.00      0.00000
      6405.00      0.00000
      6410.00      0.00000
      6415.00      0.00000
      6420.00      0.00000
      6425.00      0.00000
      6430.00      0.00000
      6435.00      0.00000
      6440.00      0.00000
      6445.00      0.00000
      6450.00      0.00000
      6455.00      0.00000
      6460.00      0.00000
      6465.00      0.00000
      6470.00      0.00000
      6475.00      0.00000
      6480.00      0.00000
      6485.00      0.00000
      6490.00      0.00000
      6495.00      0.00000
      6500.00      0.00000
      6505.00      0.00000
      6510.00      0.00000
      6515.00      0.00000
      6520.00      0.00000
      6525.00      0.00000
      6530.00      0.00000
      6535.00      0.00000
      6540.00      0.00000
      6545.00      0.00000
      6550.00      0.00000
      6555.00      0.00000
      6560.00      0.00000
      6565.00      0.00000
      6570.00      0.00000
      6575.00      0.00000
      6580.00      0.00000
      6585.00      0.00000
      6590.00      0.00000
      6595.00      0.00000
      6600.00      0.00000
      6605.00      0.00000
      6610.00      0.00000
      6615.00      0.00000
      6620.00      0.00000
      6625.00      0.00000
      6630.00      0.00000
      6635.00      0.00000
      6640.00      0.00000
      6645.00      0.00000
      6650.00      0.00000
      6655.00      0.00000
      6660.00      0.00000
      6665.00      0.00000
      6670.00      0.00000
      6675.00      0.00000
      6680.00      0.00000
      6685.00      0.00000
      6690.00      0.00000
      6695.00      0.00000
      6700.00      0.00000
      6705.00      0.00000
      6710.00      0.00000
      6715.00      0.00000
      6720.00      0.00000
      6725.00      0.00000
      6730.00      0.00000
      6735.00      0.00000
      6740.00      0.00000
      6745.00      0.00000
      6750.00      0.00000
      6755.00      0.00000
      6760.00      0.00000
      6765.00      0.00000
      6770.00      0.00000
      6775.00      0.00000
      6780.00      0.00000
      6785.00      0.00000
      6790.00      0.00000
      6795.00      0.00000
      6800.00      0.00000
      6805.00      0.00000
      6810.00      0.00000
      6815.00      0.00000
      6820.00      0.00000
      6825.00      0.00000
      6830.00      0.00000
      6835.00      0.00000
      6840.00      0.00000
      6845.00      0.00000
      6850.00      0.00000
      6855.00      0.00000
      6860.00      0.00000
      6865.00      0.00000
      6870.00      0.00000
      6875.00      0.00000
      6880.00      0.00000
      6885.00      0.00000
      6890.00      0.00000
      6895.00      0.00000
      6900.00      0.00000
      6905.00      0.00000
      6910.00      0.00000
      6915.00      0.00000
      6920.00      0.00000
      6925.00      0.00000
      6930.00      0.00000
      6935.00  1.00000e-05
      6940.00      0.00000
      6945.00      0.00000
      6950.00      0.00000
      6955.00      0.00000
      6960.00      0.00000
      6965.00      0.00000
      6970.00      0.00000
      6975.00      0.00000
      6980.00      0.00000
      6985.00      0.00000
      6990.00      0.00000
      6995.00      0.00000
      7000.00      0.00000
      7005.00      0.00000
      7010.00      0.00000
      7015.00      0.00000
      7020.00      0.00000
      7025.00      0.00000
      7030.00      0.00000
      7035.00      0.00000
      7040.00      0.00000
      7045.00      0.00000
      7050.00      0.00000
      7055.00      0.00000
      7060.00      0.00000
      7065.00      0.00000
      7070.00      0.00000
      7075.00      0.00000
      7080.00      0.00000
      7085.00      0.00000
      7090.00      0.00000
      7095.00      0.00000
      7100.00      0.00000
      7105.00      0.00000
      7110.00      0.00000
      7115.00      0.00000
      7120.00      0.00000
      7125.00      0.00000
      7130.00      0.00000
      7135.00      0.00000
      7140.00      0.00000
      7145.00      0.00000
      7150.00      0.00000
      7155.00      0.00000
      7160.00      0.00000
      7165.00      0.00000
      7170.00      0.00000
      7175.00      0.00000
      7180.00      0.00000
      7185.00      0.00000
      7190.00      0.00000
      7195.00      0.00000
      7200.00      0.00000
      7205.00      0.00000
      7210.00      0.00000
      7215.00      0.00000
      7220.00      0.00000
      7225.00      0.00000
      7230.00      0.00000
      7235.00      0.00000
      7240.00      0.00000
      7245.00      0.00000
      7250.00      0.00000
      7255.00      0.00000
      7260.00      0.00000
      7265.00      0.00000
      7270.00      0.00000
      7275.00      0.00000
      7280.00      0.00000
      7285.00      0.00000
      7290.00      0.00000
      7295.00      0.00000
      7300.00      0.00000
      7305.00      0.00000
      7310.00      0.00000
      7315.00      0.00000
      7320.00      0.00000
      7325.00      0.00000
      7330.00      0.00000
      7335.00      0.00000
      7340.00      0.00000
      7345.00      0.00000
      7350.00      0.00000
      7355.00      0.00000
      7360.00      0.00000
      7365.00      0.00000
      7370.00      0.00000
      7375.00      0.00000
      7380.00      0.00000
      7385.00      0.00000
      7390.00      0.00000
      7395.00      0.00000
      7400.00      0.00000
      7405.00      0.00000
      7410.00      0.00000
      7415.00      0.00000
      7420.00      0.00000
      7425.00      0.00000
      7430.00      0.00000
      7435.00      0.00000
      7440.00      0.00000
      7445.00      0.00000
      7450.00      0.00000
      7455.00      0.00000
      7460.00      0.00000
      7465.00      0.00000
      7470.00      0.00000
      7475.00      0.00000
      7480.00      0.00000
      7485.00      0.00000
      7490.00      0.00000
      7495.00      0.00000
      7500.00      0.00000
      7505.00      0.00000
      7510.00      0.00000
      7515.00      0.00000
      7520.00      0.00000
      7525.00      0.00000
      7530.00      0.00000
      7535.00      0.00000
      7540.00      0.00000
      7545.00      0.00000
      7550.00      0.00000
      7555.00      0.00000
      7560.00      0.00000
      7565.00      0.00000
      7570.00      0.00000
      7575.00      0.00000
      7580.00      0.00000
      7585.00      0.00000
      7590.00      0.00000
      7595.00      0.00000
      7600.00      0.00000
      7605.00      0.00000
      7610.00      0.00000
      7615.00      0.00000
      7620.00      0.00000
      7625.00      0.00000
      7630.00      0.00000
      7635.00      0.00000
      7640.00      0.00000
      7645.00      0.00000
      7650.00      0.00000
      7655.00      0.00000
      7660.00      0.00000
      7665.00      0.00000
      7670.00      0.00000
      7675.00      0.00000
      7680.00      0.00000
      7685.00      0.00000
      7690.00      0.00000
      7695.00      0.00000
      7700.00      0.00000
      7705.00      0.00000
      7710.00      0.00000
      7715.00      0.00000
      7720.00      0.00000
      7725.00      0.00000
      7730.00      0.00000
      7735.00      0.00000
      7740.00      0.00000
      7745.00      0.00000
      7750.00      0.00000
      7755.00      0.00000
      7760.00      0.00000
      7765.00      0.00000
      7770.00      0.00000
      7775.00      0.00000
      7780.00      0.00000
      7785.00      0.00000
      7790.00      0.00000
      7795.00      0.00000
      7800.00      0.00000
      7805.00      0.00000
      7810.00      0.00000
      7815.00      0.00000
      7820.00      0.00000
      7825.00      0.00000
      7830.00      0.00000
      7835.00      0.00000
      7840.00      0.00000
      7845.00      0.00000
      7850.00      0.00000
      7855.00      0.00000
      7860.00      0.00000
      7865.00      0.00000
      7870.00      0.00000
      7875.00      0.00000
      7880.00      0.00000
      7885.00      0.00000
      7890.00      0.00000
      7895.00      0.00000
      7900.00      0.00000
      7905.00      0.00000
      7910.00      0.00000
      7915.00      0.00000
      7920.00      0.00000
      7925.00      0.00000
      7930.00      0.00000
      7935.00      0.00000
      7940.00      0.00000
      7945.00      0.00000
      7950.00      0.00000
      7955.00      0.00000
      7960.00      0.00000
      7965.00      0.00000
      7970.00      0.00000
      7975.00      0.00000
      7980.00      0.00000
      7985.00      0.00000
      7990.00      0.00000
      7995.00      0.00000
      8000.00      0.00000
      8005.00      0.00000
      8010.00      0.00000
      8015.00      0.00000
      8020.00      0.00000
      8025.00      0.00000
      8030.00      0.00000
      8035.00      0.00000
      8040.00      0.00000
      8045.00      0.00000
      8050.00      0.00000
      8055.00      0.00000
      8060.00      0.00000
      8065.00      0.00000
      8070.00      0.00000
      8075.00      0.00000
      8080.00      0.00000
      8085.00      0.00000
      8090.00      0.00000
      8095.00      0.00000
      8100.00      0.00000
      8105.00      0.00000
      8110.00      0.00000
      8115.00      0.00000
      8120.00      0.00000
      8125.00      0.00000
      8130.00      0.00000
      8135.00      0.00000
      8140.00      0.00000
      8145.00      0.00000
      8150.00      0.00000
      8155.00      0.00000
      8160.00      0.00000
      8165.00      0.00000
      8170.00      0.00000
      8175.00      0.00000
      8180.00      0.00000
      8185.00      0.00000
      8190.00      0.00000
      8195.00      0.00000
      8200.00      0.00000
      8205.00      0.00000
      8210.00      0.00000
      8215.00      0.00000
      8220.00      0.00000
      8225.00      0.00000
      8230.00      0.00000
      8235.00      0.00000
      8240.00      0.00000
      8245.00      0.00000
      8250.00      0.00000
      8255.00      0.00000
      8260.00      0.00000
      8265.00      0.00000
      8270.00      0.00000
      8275.00      0.00000
      8280.00      0.00000
      8285.00      0.00000
      8290.00      0.00000
      8295.00      0.00000
      8300.00      0.00000
      8305.00      0.00000
      8310.00      0.00000
      8315.00      0.00000
      8320.00      0.00000
      8325.00      0.00000
      8330.00      0.00000
      8335.00      0.00000
      8340.00      0.00000
      8345.00      0.00000
      8350.00      0.00000
      8355.00      0.00000
      8360.00      0.00000
      8365.00      0.00000
      8370.00      0.00000
      8375.00      0.00000
      8380.00      0.00000
      8385.00      0.00000
      8390.00      0.00000
      8395.00      0.00000
      8400.00      0.00000
      8405.00      0.00000
      8410.00      0.00000
      8415.00      0.00000
      8420.00      0.00000
      8425.00      0.00000
      8430.00      0.00000
      8435.00      0.00000
      8440.00      0.00000
      8445.00      0.00000
      8450.00      0.00000
      8455.00      0.00000
      8460.00      0.00000
      8465.00      0.00000
      8470.00      0.00000
      8475.00      0.00000
      8480.00      0.00000
      8485.00      0.00000
      8490.00      0.00000
      8495.00      0.00000
      8500.00      0.00000
      8505.00      0.00000
      8510.00      0.00000
      8515.00      0.00000
      8520.00      0.00000
      8525.00      0.00000
      8530.00      0.00000
      8535.00      0.00000
      8540.00      0.00000
      8545.00      0.00000
      8550.00      0.00000
      8555.00      0.00000
      8560.00      0.00000
      8565.00      0.00000
      8570.00      0.00000
      8575.00      0.00000
      8580.00      0.00000
      8585.00      0.00000
      8590.00      0.00000
      8595.00      0.00000
      8600.00      0.00000
      8605.00      0.00000
      8610.00      0.00000
      8615.00      0.00000
      8620.00      0.00000
      8625.00      0.00000
      8630.00      0.00000
      8635.00      0.00000
      8640.00      0.00000
      8645.00      0.00000
      8650.00      0.00000
      8655.00      0.00000
      8660.00      0.00000
      8665.00      0.00000
      8670.00      0.00000
      8675.00      0.00000
      8680.00      0.00000
      8685.00      0.00000
      8690.00      0.00000
      8695.00      0.00000
      8700.00      0.00000
      8705.00      0.00000
      8710.00      0.00000
      8715.00      0.00000
      8720.00      0.00000
      8725.00      0.00000
      8730.00      0.00000
      8735.00      0.00000
      8740.00      0.00000
      8745.00      0.00000
      8750.00      0.00000
      8755.00      0.00000
      8760.00      0.00000
      8765.00      0.00000
      8770.00      0.00000
      8775.00      0.00000
      8780.00      0.00000
      8785.00      0.00000
      8790.00      0.00000
      8795.00      0.00000
      8800.00  2.00000e-05
      8805.00  2.00000e-05
      8810.00  2.00000e-05
      8815.00  2.00000e-05
      8820.00  2.00000e-05
      8825.00  2.00000e-05
      8830.00  2.00000e-05
      8835.00  2.00000e-05
      8840.00  2.00000e-05
      8845.00  2.00000e-05
      8850.00  2.00000e-05
      8855.00  2.00000e-05
      8860.00  2.00000e-05
      8865.00  2.00000e-05
      8870.00  2.00000e-05
      8875.00  2.00000e-05
      8880.00  2.00000e-05
      8885.00  2.00000e-05
      8890.00  2.00000e-05
      8895.00  2.00000e-05
      8900.00  2.00000e-05
      8905.00  2.00000e-05
      8910.00  2.00000e-05
      8915.00  2.00000e-05
      8920.00  2.00000e-05
      8925.00  2.00000e-05
      8930.00  2.00000e-05
      8935.00  2.00000e-05
      8940.00  2.00000e-05
      8945.00  2.00000e-05
      8950.00  2.00000e-05
      8955.00  2.00000e-05
      8960.00  2.00000e-05
      8965.00  2.00000e-05
      8970.00  2.00000e-05
      8975.00  2.00000e-05
      8980.00  2.00000e-05
      8985.00  2.00000e-05
      8990.00  2.00000e-05
      8995.00  2.00000e-05
      9000.00  3.00000e-05
      9005.00  3.00000e-05
      9010.00  3.00000e-05
      9015.00  3.00000e-05
      9020.00  3.00000e-05
      9025.00  3.00000e-05
      9030.00  3.00000e-05
      9035.00  3.00000e-05
      9040.00  3.00000e-05
      9045.00  3.00000e-05
      9050.00  3.00000e-05
      9055.00  4.00000e-05
      9060.00  4.00000e-05
      9065.00  4.00000e-05
      9070.00  4.00000e-05
      9075.00  4.00000e-05
      9080.00  4.00000e-05
      9085.00  5.00000e-05
      9090.00  5.00000e-05
      9095.00  5.00000e-05
      9100.00  5.00000e-05
      9105.00  6.00000e-05
      9110.00  6.00000e-05
      9115.00  7.00000e-05
      9120.00  7.00000e-05
      9125.00  7.00000e-05
      9130.00  8.00000e-05
      9135.00  8.00000e-05
      9140.00  9.00000e-05
      9145.00  0.000100000
      9150.00  0.000100000
      9155.00  0.000110000
      9160.00  0.000120000
      9165.00  0.000130000
      9170.00  0.000140000
      9175.00  0.000150000
      9180.00  0.000170000
      9185.00  0.000180000
      9190.00  0.000200000
      9195.00  0.000220000
      9200.00  0.000240000
      9205.00  0.000270000
      9210.00  0.000300000
      9215.00  0.000330000
      9220.00  0.000370000
      9225.00  0.000410000
      9230.00  0.000460000
      9235.00  0.000510000
      9240.00  0.000580000
      9245.00  0.000650000
      9250.00  0.000730000
      9255.00  0.000830000
      9260.00  0.000940000
      9265.00   0.00105000
      9270.00   0.00118000
      9275.00   0.00132000
      9280.00   0.00147000
      9285.00   0.00166000
      9290.00   0.00186000
      9295.00   0.00210000
      9300.00   0.00239000
      9305.00   0.00270000
      9310.00   0.00307000
      9315.00   0.00348000
      9320.00   0.00398000
      9325.00   0.00456000
      9330.00   0.00526000
      9335.00   0.00605000
      9340.00   0.00694000
      9345.00   0.00801000
      9350.00   0.00924000
      9355.00    0.0112200
      9360.00    0.0136900
      9365.00    0.0167400
      9370.00    0.0204800
      9375.00    0.0249900
      9380.00    0.0307600
      9385.00    0.0377100
      9390.00    0.0463700
      9395.00    0.0571500
      9400.00    0.0698900
      9405.00    0.0850100
      9410.00     0.102450
      9415.00     0.122910
      9420.00     0.145960
      9425.00     0.167920
      9430.00     0.190140
      9435.00     0.210970
      9440.00     0.230560
      9445.00     0.247600
      9450.00     0.261790
      9455.00     0.273000
      9460.00     0.281210
      9465.00     0.291610
      9470.00     0.299790
      9475.00     0.306230
      9480.00     0.311140
      9485.00     0.315090
      9490.00     0.318370
      9495.00     0.321040
      9500.00     0.323350
      9505.00     0.322380
      9510.00     0.321160
      9515.00     0.319880
      9520.00     0.318640
      9525.00     0.317410
      9530.00     0.316210
      9535.00     0.314990
      9540.00     0.313720
      9545.00     0.316580
      9550.00     0.319370
      9555.00     0.322310
      9560.00     0.325170
      9565.00     0.327950
      9570.00     0.330700
      9575.00     0.333250
      9580.00     0.335880
      9585.00     0.339370
      9590.00     0.342900
      9595.00     0.346460
      9600.00     0.349900
      9605.00     0.352880
      9610.00     0.355830
      9615.00     0.358880
      9620.00     0.361960
      9625.00     0.365440
      9630.00     0.368770
      9635.00     0.372020
      9640.00     0.375290
      9645.00     0.378590
      9650.00     0.381890
      9655.00     0.385080
      9660.00     0.388130
      9665.00     0.391100
      9670.00     0.394070
      9675.00     0.396990
      9680.00     0.399900
      9685.00     0.402600
      9690.00     0.405190
      9695.00     0.407670
      9700.00     0.410220
      9705.00     0.406000
      9710.00     0.401820
      9715.00     0.397470
      9720.00     0.393140
      9725.00     0.388980
      9730.00     0.384880
      9735.00     0.380720
      9740.00     0.376500
      9745.00     0.376180
      9750.00     0.375880
      9755.00     0.375670
      9760.00     0.375420
      9765.00     0.375240
      9770.00     0.374990
      9775.00     0.374820
      9780.00     0.374690
      9785.00     0.374610
      9790.00     0.374550
      9795.00     0.374510
      9800.00     0.374510
      9805.00     0.373800
      9810.00     0.373040
      9815.00     0.372450
      9820.00     0.371760
      9825.00     0.371220
      9830.00     0.370660
      9835.00     0.370170
      9840.00     0.369720
      9845.00     0.369290
      9850.00     0.368830
      9855.00     0.368390
      9860.00     0.367920
      9865.00     0.365980
      9870.00     0.364000
      9875.00     0.362020
      9880.00     0.359950
      9885.00     0.357960
      9890.00     0.355890
      9895.00     0.353890
      9900.00     0.351730
      9905.00     0.349690
      9910.00     0.347500
      9915.00     0.345290
      9920.00     0.342990
      9925.00     0.340760
      9930.00     0.338440
      9935.00     0.336140
      9940.00     0.333730
      9945.00     0.331330
      9950.00     0.328850
      9955.00     0.326420
      9960.00     0.323920
      9965.00     0.321430
      9970.00     0.318890
      9975.00     0.316260
      9980.00     0.313680
      9985.00     0.311040
      9990.00     0.308390
      9995.00     0.305740
      10000.0     0.303040
      10005.0     0.299820
      10010.0     0.296540
      10015.0     0.293360
      10020.0     0.290090
      10025.0     0.286950
      10030.0     0.283720
      10035.0     0.280550
      10040.0     0.277310
      10045.0     0.274250
      10050.0     0.271010
      10055.0     0.267830
      10060.0     0.264750
      10065.0     0.261590
      10070.0     0.258530
      10075.0     0.255410
      10080.0     0.252320
      10085.0     0.249320
      10090.0     0.246290
      10095.0     0.243270
      10100.0     0.240240
      10105.0     0.237280
      10110.0     0.234320
      10115.0     0.231280
      10120.0     0.228320
      10125.0     0.225410
      10130.0     0.222540
      10135.0     0.219580
      10140.0     0.216660
      10145.0     0.213810
      10150.0     0.210910
      10155.0     0.208030
      10160.0     0.205150
      10165.0     0.202340
      10170.0     0.199510
      10175.0     0.196610
      10180.0     0.193740
      10185.0     0.190910
      10190.0     0.188080
      10195.0     0.185230
      10200.0     0.182350
      10205.0     0.179770
      10210.0     0.177170
      10215.0     0.174630
      10220.0     0.172030
      10225.0     0.169450
      10230.0     0.166890
      10235.0     0.164330
      10240.0     0.161730
      10245.0     0.159140
      10250.0     0.156570
      10255.0     0.153970
      10260.0     0.151370
      10265.0     0.148780
      10270.0     0.146200
      10275.0     0.143580
      10280.0     0.140980
      10285.0     0.138400
      10290.0     0.135810
      10295.0     0.133210
      10300.0     0.130620
      10305.0     0.128060
      10310.0     0.125460
      10315.0     0.122820
      10320.0     0.120220
      10325.0     0.117660
      10330.0     0.115040
      10335.0     0.112410
      10340.0     0.109830
      10345.0     0.107240
      10350.0     0.104620
      10355.0     0.102030
      10360.0    0.0994600
      10365.0    0.0968400
      10370.0    0.0942500
      10375.0    0.0916800
      10380.0    0.0890900
      10385.0    0.0864800
      10390.0    0.0839300
      10395.0    0.0813900
      10400.0    0.0788200
      10405.0    0.0777700
      10410.0    0.0767900
      10415.0    0.0757500
      10420.0    0.0747100
      10425.0    0.0737200
      10430.0    0.0727200
      10435.0    0.0716800
      10440.0    0.0706800
      10445.0    0.0697200
      10450.0    0.0686900
      10455.0    0.0676700
      10460.0    0.0667100
      10465.0    0.0657000
      10470.0    0.0646600
      10475.0    0.0636700
      10480.0    0.0626600
      10485.0    0.0615800
      10490.0    0.0605300
      10495.0    0.0594800
      10500.0    0.0583700
      10505.0    0.0572200
      10510.0    0.0561000
      10515.0    0.0548800
      10520.0    0.0536000
      10525.0    0.0523400
      10530.0    0.0510100
      10535.0    0.0495700
      10540.0    0.0481300
      10545.0    0.0466200
      10550.0    0.0449600
      10555.0    0.0432900
      10560.0    0.0415700
      10565.0    0.0397600
      10570.0    0.0379000
      10575.0    0.0360100
      10580.0    0.0340200
      10585.0    0.0320100
      10590.0    0.0300300
      10595.0    0.0280600
      10600.0    0.0260700
      10605.0    0.0244400
      10610.0    0.0228100
      10615.0    0.0211400
      10620.0    0.0195800
      10625.0    0.0180800
      10630.0    0.0166300
      10635.0    0.0152700
      10640.0    0.0139700
      10645.0    0.0127100
      10650.0    0.0115500
      10655.0    0.0105000
      10660.0   0.00952000
      10665.0   0.00862000
      10670.0   0.00779000
      10675.0   0.00703000
      10680.0   0.00632000
      10685.0   0.00570000
      10690.0   0.00514000
      10695.0   0.00463000
      10700.0   0.00417000
      10705.0   0.00375000
      10710.0   0.00337000
      10715.0   0.00303000
      10720.0   0.00273000
      10725.0   0.00246000
      10730.0   0.00221000
      10735.0   0.00199000
      10740.0   0.00179000
      10745.0   0.00161000
      10750.0   0.00145000
      10755.0   0.00131000
      10760.0   0.00118000
      10765.0   0.00106000
      10770.0  0.000960000
      10775.0  0.000860000
      10780.0  0.000780000
      10785.0  0.000700000
      10790.0  0.000630000
      10795.0  0.000570000
      10800.0  0.000520000
      10805.0      0.00000
      10810.0      0.00000
      10815.0      0.00000
      10820.0      0.00000
      10825.0      0.00000
      10830.0      0.00000
      10835.0      0.00000
      10840.0      0.00000
      10845.0      0.00000
      10850.0      0.00000
      10855.0      0.00000
      10860.0      0.00000
      10865.0      0.00000
      10870.0      0.00000
      10875.0      0.00000
      10880.0      0.00000
      10885.0      0.00000
      10890.0      0.00000
      10895.0      0.00000
      10900.0      0.00000
      10905.0      0.00000
      10910.0      0.00000
      10915.0      0.00000
      10920.0      0.00000
      10925.0      0.00000
      10930.0      0.00000
      10935.0      0.00000
      10940.0      0.00000
      10945.0      0.00000
      10950.0      0.00000
      10955.0      0.00000
      10960.0      0.00000
      10965.0      0.00000
      10970.0      0.00000
      10975.0      0.00000
      10980.0      0.00000
      10985.0      0.00000
      10990.0      0.00000
      10995.0      0.00000
      11000.0      0.00000
