# PS1 y total system throughput from Tonry+2012 ApJ published version
   3800.00       0.000000000
   3810.00       0.000000000
   3820.00       0.000000000
   3830.00       0.000000000
   3840.00       0.000000000
   3850.00       0.000000000
   3860.00       0.000000000
   3870.00       0.000000000
   3880.00       0.000000000
   3890.00       0.000000000
   3900.00       0.000000000
   3910.00       0.000000000
   3920.00       0.000000000
   3930.00       0.000000000
   3940.00       0.000000000
   3950.00       0.000000000
   3960.00       0.000000000
   3970.00       0.000000000
   3980.00       0.000000000
   3990.00       0.000000000
   4000.00       0.000000000
   4010.00       0.000000000
   4020.00       0.000000000
   4030.00       0.000000000
   4040.00       0.000000000
   4050.00       0.000000000
   4060.00       0.000000000
   4070.00       0.000000000
   4080.00       0.000000000
   4090.00       0.000000000
   4100.00       0.000000000
   4110.00       0.000000000
   4120.00       0.000000000
   4130.00       0.000000000
   4140.00       0.000000000
   4150.00       0.000000000
   4160.00       0.000000000
   4170.00       0.000000000
   4180.00       0.000000000
   4190.00       0.000000000
   4200.00       0.000000000
   4210.00       0.000000000
   4220.00       0.000000000
   4230.00       0.000000000
   4240.00       0.000000000
   4250.00       0.000000000
   4260.00       0.000000000
   4270.00       0.000000000
   4280.00       0.000000000
   4290.00       0.000000000
   4300.00       0.000000000
   4310.00       0.000000000
   4320.00       0.000000000
   4330.00       0.000000000
   4340.00       0.000000000
   4350.00       0.000000000
   4360.00       0.000000000
   4370.00       0.000000000
   4380.00       0.000000000
   4390.00       0.000000000
   4400.00       0.000000000
   4410.00       0.000000000
   4420.00       0.000000000
   4430.00       0.000000000
   4440.00       0.000000000
   4450.00       0.000000000
   4460.00       0.000000000
   4470.00       0.000000000
   4480.00       0.000000000
   4490.00       0.000000000
   4500.00       0.000000000
   4510.00       0.000000000
   4520.00       0.000000000
   4530.00       0.000000000
   4540.00       0.000000000
   4550.00       0.000000000
   4560.00       0.000000000
   4570.00       0.000000000
   4580.00       0.000000000
   4590.00       0.000000000
   4600.00       0.000000000
   4610.00       0.000000000
   4620.00       0.000000000
   4630.00       0.000000000
   4640.00       0.000000000
   4650.00       0.000000000
   4660.00       0.000000000
   4670.00       0.000000000
   4680.00       0.000000000
   4690.00       0.000000000
   4700.00       0.000000000
   4710.00       0.000000000
   4720.00       0.000000000
   4730.00       0.000000000
   4740.00       0.000000000
   4750.00       0.000000000
   4760.00       0.000000000
   4770.00       0.000000000
   4780.00       0.000000000
   4790.00       0.000000000
   4800.00       0.000000000
   4810.00       0.000000000
   4820.00       0.000000000
   4830.00       0.000000000
   4840.00       0.000000000
   4850.00       0.000000000
   4860.00       0.000000000
   4870.00       0.000000000
   4880.00       0.000000000
   4890.00       0.000000000
   4900.00       0.000000000
   4910.00       0.000000000
   4920.00       0.000000000
   4930.00       0.000000000
   4940.00       0.000000000
   4950.00       0.000000000
   4960.00       0.000000000
   4970.00       0.000000000
   4980.00       0.000000000
   4990.00       0.000000000
   5000.00       0.000000000
   5010.00       0.000000000
   5020.00       0.000000000
   5030.00       0.000000000
   5040.00       0.000000000
   5050.00       0.000000000
   5060.00       0.000000000
   5070.00       0.000000000
   5080.00       0.000000000
   5090.00       0.000000000
   5100.00       0.000000000
   5110.00       0.000000000
   5120.00       0.000000000
   5130.00       0.000000000
   5140.00       0.000000000
   5150.00       0.000000000
   5160.00       0.000000000
   5170.00       0.000000000
   5180.00       0.000000000
   5190.00       0.000000000
   5200.00       0.000000000
   5210.00       0.000000000
   5220.00       0.000000000
   5230.00       0.000000000
   5240.00       0.000000000
   5250.00       0.000000000
   5260.00       0.000000000
   5270.00       0.000000000
   5280.00       0.000000000
   5290.00       0.000000000
   5300.00       0.000000000
   5310.00       0.000000000
   5320.00       0.000000000
   5330.00       0.000000000
   5340.00       0.000000000
   5350.00       0.000000000
   5360.00       0.000000000
   5370.00       0.000000000
   5380.00       0.000000000
   5390.00       0.000000000
   5400.00       0.000000000
   5410.00       0.000000000
   5420.00       0.000000000
   5430.00       0.000000000
   5440.00       0.000000000
   5450.00       0.000000000
   5460.00       0.000000000
   5470.00       0.000000000
   5480.00       0.000000000
   5490.00       0.000000000
   5500.00       0.000000000
   5510.00       0.000000000
   5520.00       0.000000000
   5530.00       0.000000000
   5540.00       0.000000000
   5550.00       0.000000000
   5560.00       0.000000000
   5570.00       0.000000000
   5580.00       0.000000000
   5590.00       0.000000000
   5600.00       0.000000000
   5610.00       0.000000000
   5620.00       0.000000000
   5630.00       0.000000000
   5640.00       0.000000000
   5650.00       0.000000000
   5660.00       0.000000000
   5670.00       0.000000000
   5680.00       0.000000000
   5690.00       0.000000000
   5700.00       0.000000000
   5710.00       0.000000000
   5720.00       0.000000000
   5730.00       0.000000000
   5740.00       0.000000000
   5750.00       0.000000000
   5760.00       0.000000000
   5770.00       0.000000000
   5780.00       0.000000000
   5790.00       0.000000000
   5800.00       0.000000000
   5810.00       0.000000000
   5820.00       0.000000000
   5830.00       0.000000000
   5840.00       0.000000000
   5850.00       0.000000000
   5860.00       0.000000000
   5870.00       0.000000000
   5880.00       0.000000000
   5890.00       0.000000000
   5900.00       0.000000000
   5910.00       0.000000000
   5920.00       0.000000000
   5930.00       0.000000000
   5940.00       0.000000000
   5950.00       0.000000000
   5960.00       0.000000000
   5970.00       0.000000000
   5980.00       0.000000000
   5990.00       0.000000000
   6000.00       0.000000000
   6010.00       0.000000000
   6020.00       0.000000000
   6030.00       0.000000000
   6040.00       0.000000000
   6050.00       0.000000000
   6060.00       0.000000000
   6070.00       0.000000000
   6080.00       0.000000000
   6090.00       0.000000000
   6100.00       0.000000000
   6110.00       0.000000000
   6120.00       0.000000000
   6130.00       0.000000000
   6140.00       0.000000000
   6150.00       0.000000000
   6160.00       0.000000000
   6170.00       0.000000000
   6180.00       0.000000000
   6190.00       0.000000000
   6200.00       0.000000000
   6210.00       0.000000000
   6220.00       0.000000000
   6230.00       0.000000000
   6240.00       0.000000000
   6250.00       0.000000000
   6260.00       0.000000000
   6270.00       0.000000000
   6280.00       0.000000000
   6290.00       0.000000000
   6300.00       0.000000000
   6310.00       0.000000000
   6320.00       0.000000000
   6330.00       0.000000000
   6340.00       0.000000000
   6350.00       0.000000000
   6360.00       0.000000000
   6370.00       0.000000000
   6380.00       0.000000000
   6390.00       0.000000000
   6400.00       0.000000000
   6410.00       0.000000000
   6420.00       0.000000000
   6430.00       0.000000000
   6440.00       0.000000000
   6450.00       0.000000000
   6460.00       0.000000000
   6470.00       0.000000000
   6480.00       0.000000000
   6490.00       0.000000000
   6500.00       0.000000000
   6510.00       0.000000000
   6520.00       0.000000000
   6530.00       0.000000000
   6540.00       0.000000000
   6550.00       0.000000000
   6560.00       0.000000000
   6570.00       0.000000000
   6580.00       0.000000000
   6590.00       0.000000000
   6600.00       0.000000000
   6610.00       0.000000000
   6620.00       0.000000000
   6630.00       0.000000000
   6640.00       0.000000000
   6650.00       0.000000000
   6660.00       0.000000000
   6670.00       0.000000000
   6680.00       0.000000000
   6690.00       0.000000000
   6700.00       0.000000000
   6710.00       0.000000000
   6720.00       0.000000000
   6730.00       0.000000000
   6740.00       0.000000000
   6750.00       0.000000000
   6760.00       0.000000000
   6770.00       0.000000000
   6780.00       0.000000000
   6790.00       0.000000000
   6800.00       0.000000000
   6810.00       0.000000000
   6820.00       0.000000000
   6830.00       0.000000000
   6840.00       0.000000000
   6850.00       0.000000000
   6860.00       0.000000000
   6870.00       0.000000000
   6880.00       0.000000000
   6890.00       0.000000000
   6900.00       0.000000000
   6910.00       0.000000000
   6920.00       0.000000000
   6930.00       0.000000000
   6940.00       0.000000000
   6950.00       0.000000000
   6960.00       0.000000000
   6970.00       0.000000000
   6980.00       0.000000000
   6990.00       0.000000000
   7000.00       0.000000000
   7010.00       0.000000000
   7020.00       0.000000000
   7030.00       0.000000000
   7040.00       0.000000000
   7050.00       0.000000000
   7060.00       0.000000000
   7070.00       0.000000000
   7080.00       0.000000000
   7090.00       0.000000000
   7100.00       0.000000000
   7110.00       0.000000000
   7120.00       0.000000000
   7130.00       0.000000000
   7140.00       0.000000000
   7150.00       0.000000000
   7160.00       0.000000000
   7170.00       0.000000000
   7180.00       0.000000000
   7190.00       0.000000000
   7200.00       0.000000000
   7210.00       0.000000000
   7220.00       0.000000000
   7230.00       0.000000000
   7240.00       0.000000000
   7250.00       0.000000000
   7260.00       0.000000000
   7270.00       0.000000000
   7280.00       0.000000000
   7290.00       0.000000000
   7300.00       0.000000000
   7310.00       0.000000000
   7320.00       0.000000000
   7330.00       0.000000000
   7340.00       0.000000000
   7350.00       0.000000000
   7360.00       0.000000000
   7370.00       0.000000000
   7380.00       0.000000000
   7390.00       0.000000000
   7400.00       0.000000000
   7410.00       0.000000000
   7420.00       0.000000000
   7430.00       0.000000000
   7440.00       0.000000000
   7450.00       0.000000000
   7460.00       0.000000000
   7470.00       0.000000000
   7480.00       0.000000000
   7490.00       0.000000000
   7500.00       0.000000000
   7510.00       0.000000000
   7520.00       0.000000000
   7530.00       0.000000000
   7540.00       0.000000000
   7550.00       0.000000000
   7560.00       0.000000000
   7570.00       0.000000000
   7580.00       0.000000000
   7590.00       0.000000000
   7600.00       0.000000000
   7610.00       0.000000000
   7620.00       0.000000000
   7630.00       0.000000000
   7640.00       0.000000000
   7650.00       0.000000000
   7660.00       0.000000000
   7670.00       0.000000000
   7680.00       0.000000000
   7690.00       0.000000000
   7700.00       0.000000000
   7710.00       0.000000000
   7720.00       0.000000000
   7730.00       0.000000000
   7740.00       0.000000000
   7750.00       0.000000000
   7760.00       0.000000000
   7770.00       0.000000000
   7780.00       0.000000000
   7790.00       0.000000000
   7800.00       0.000000000
   7810.00       0.000000000
   7820.00       0.000000000
   7830.00       0.000000000
   7840.00       0.000000000
   7850.00       0.000000000
   7860.00       0.000000000
   7870.00       0.000000000
   7880.00       0.000000000
   7890.00       0.000000000
   7900.00       0.000000000
   7910.00       0.000000000
   7920.00       0.000000000
   7930.00       0.000000000
   7940.00       0.000000000
   7950.00       0.000000000
   7960.00       0.000000000
   7970.00       0.000000000
   7980.00       0.000000000
   7990.00       0.000000000
   8000.00       0.000000000
   8010.00       0.000000000
   8020.00       0.000000000
   8030.00       0.000000000
   8040.00       0.000000000
   8050.00       0.000000000
   8060.00       0.000000000
   8070.00       0.000000000
   8080.00       0.000000000
   8090.00       0.000000000
   8100.00       0.000000000
   8110.00       0.000000000
   8120.00       0.000000000
   8130.00       0.000000000
   8140.00       0.000000000
   8150.00       0.000000000
   8160.00       0.000000000
   8170.00       0.000000000
   8180.00       0.000000000
   8190.00       0.000000000
   8200.00       0.000000000
   8210.00       0.000000000
   8220.00       0.000000000
   8230.00       0.000000000
   8240.00       0.000000000
   8250.00       0.000000000
   8260.00       0.000000000
   8270.00       0.000000000
   8280.00       0.000000000
   8290.00       0.000000000
   8300.00       0.000000000
   8310.00       0.000000000
   8320.00       0.000000000
   8330.00       0.000000000
   8340.00       0.000000000
   8350.00       0.000000000
   8360.00       0.000000000
   8370.00       0.000000000
   8380.00       0.000000000
   8390.00       0.000000000
   8400.00       0.000000000
   8410.00       0.000000000
   8420.00       0.000000000
   8430.00       0.000000000
   8440.00       0.000000000
   8450.00       0.000000000
   8460.00       0.000000000
   8470.00       0.000000000
   8480.00       0.000000000
   8490.00       0.000000000
   8500.00       0.000000000
   8510.00       0.000000000
   8520.00       0.000000000
   8530.00       0.000000000
   8540.00       0.000000000
   8550.00       0.000000000
   8560.00       0.000000000
   8570.00       0.000000000
   8580.00       0.000000000
   8590.00       0.000000000
   8600.00       0.000000000
   8610.00       0.000000000
   8620.00       0.000000000
   8630.00       0.000000000
   8640.00       0.000000000
   8650.00       0.000000000
   8660.00       0.000000000
   8670.00       0.000000000
   8680.00       0.000000000
   8690.00       0.000000000
   8700.00       0.000000000
   8710.00       0.000000000
   8720.00       0.000000000
   8730.00       0.000000000
   8740.00       0.000000000
   8750.00       0.000000000
   8760.00       0.000000000
   8770.00       0.000000000
   8780.00       0.000000000
   8790.00       0.000000000
   8800.00       0.000000000
   8810.00       0.000000000
   8820.00       0.000000000
   8830.00       0.000000000
   8840.00       0.000000000
   8850.00       0.000000000
   8860.00       0.000000000
   8870.00       0.000000000
   8880.00       0.000000000
   8890.00       0.000000000
   8900.00       0.000000000
   8910.00       0.000000000
   8920.00       0.000000000
   8930.00       0.000000000
   8940.00       0.000000000
   8950.00       0.000000000
   8960.00       0.000000000
   8970.00       0.001000000
   8980.00       0.001000000
   8990.00       0.001000000
   9000.00       0.001000000
   9010.00       0.002000000
   9020.00       0.002000000
   9030.00       0.002000000
   9040.00       0.002000000
   9050.00       0.002000000
   9060.00       0.003000000
   9070.00       0.003000000
   9080.00       0.003000000
   9090.00       0.005000000
   9100.00       0.006000000
   9110.00       0.009000000
   9120.00       0.015000000
   9130.00       0.024000000
   9140.00       0.039999999
   9150.00       0.066000000
   9160.00       0.097999997
   9170.00       0.151999995
   9180.00       0.199000001
   9190.00       0.270999998
   9200.00       0.335000008
   9210.00       0.402999997
   9220.00       0.451000005
   9230.00       0.505999982
   9240.00       0.538999975
   9250.00       0.564999998
   9260.00       0.591000021
   9270.00       0.615000010
   9280.00       0.597000003
   9290.00       0.601000011
   9300.00       0.569999993
   9310.00       0.542999983
   9320.00       0.500999987
   9330.00       0.486000001
   9340.00       0.435000002
   9350.00       0.463999987
   9360.00       0.400999993
   9370.00       0.435000002
   9380.00       0.441000015
   9390.00       0.513000011
   9400.00       0.528999984
   9410.00       0.497999996
   9420.00       0.499000013
   9430.00       0.430999994
   9440.00       0.419000000
   9450.00       0.470999986
   9460.00       0.386000007
   9470.00       0.458999991
   9480.00       0.404000014
   9490.00       0.486999989
   9500.00       0.349000007
   9510.00       0.479999989
   9520.00       0.386000007
   9530.00       0.421999991
   9540.00       0.435000002
   9550.00       0.412999988
   9560.00       0.402000010
   9570.00       0.388000011
   9580.00       0.412000000
   9590.00       0.395000011
   9600.00       0.400999993
   9610.00       0.400999993
   9620.00       0.393999994
   9630.00       0.398999989
   9640.00       0.386000007
   9650.00       0.386999995
   9660.00       0.381999999
   9670.00       0.381000012
   9680.00       0.388000011
   9690.00       0.389999986
   9700.00       0.377999991
   9710.00       0.379999995
   9720.00       0.368000001
   9730.00       0.358000010
   9740.00       0.349000007
   9750.00       0.340999991
   9760.00       0.337000012
   9770.00       0.335000008
   9780.00       0.326999992
   9790.00       0.326000005
   9800.00       0.314999998
   9810.00       0.317999989
   9820.00       0.310999990
   9830.00       0.301999986
   9840.00       0.300999999
   9850.00       0.291999996
   9860.00       0.289999992
   9870.00       0.282000005
   9880.00       0.273999989
   9890.00       0.268000007
   9900.00       0.259999990
   9910.00       0.254999995
   9920.00       0.250000000
   9930.00       0.243000001
   9940.00       0.238000005
   9950.00       0.231999993
   9960.00       0.226999998
   9970.00       0.221000001
   9980.00       0.216000006
   9990.00       0.210999995
  10000.00       0.204999998
  10010.00       0.200000003
  10020.00       0.194999993
  10030.00       0.188999996
  10040.00       0.182999998
  10050.00       0.178000003
  10060.00       0.172999993
  10070.00       0.167999998
  10080.00       0.162000000
  10090.00       0.157000005
  10100.00       0.151999995
  10110.00       0.147000000
  10120.00       0.141000003
  10130.00       0.136000007
  10140.00       0.130999997
  10150.00       0.127000004
  10160.00       0.123999998
  10170.00       0.119999997
  10180.00       0.115999997
  10190.00       0.111000001
  10200.00       0.105999999
  10210.00       0.101999998
  10220.00       0.097000003
  10230.00       0.093999997
  10240.00       0.090999998
  10250.00       0.088000000
  10260.00       0.083999999
  10270.00       0.081000000
  10280.00       0.078000002
  10290.00       0.075000003
  10300.00       0.071000002
  10310.00       0.067000002
  10320.00       0.064000003
  10330.00       0.059999999
  10340.00       0.057000000
  10350.00       0.055000000
  10360.00       0.052999999
  10370.00       0.050000001
  10380.00       0.048000000
  10390.00       0.045000002
  10400.00       0.043000001
  10410.00       0.041000001
  10420.00       0.039000001
  10430.00       0.037000000
  10440.00       0.035999998
  10450.00       0.035000000
  10460.00       0.034000002
  10470.00       0.033000000
  10480.00       0.032000002
  10490.00       0.029999999
  10500.00       0.028999999
  10510.00       0.028000001
  10520.00       0.027000001
  10530.00       0.026000001
  10540.00       0.025000000
  10550.00       0.024000000
  10560.00       0.023000000
  10570.00       0.022000000
  10580.00       0.021000000
  10590.00       0.020000000
  10600.00       0.018999999
  10610.00       0.017999999
  10620.00       0.017000001
  10630.00       0.016000001
  10640.00       0.015000000
  10650.00       0.015000000
  10660.00       0.014000000
  10670.00       0.014000000
  10680.00       0.013000000
  10690.00       0.012000000
  10700.00       0.012000000
  10710.00       0.011000000
  10720.00       0.011000000
  10730.00       0.011000000
  10740.00       0.010000000
  10750.00       0.010000000
  10760.00       0.009000000
  10770.00       0.009000000
  10780.00       0.008000000
  10790.00       0.008000000
  10800.00       0.008000000
  10810.00       0.007000000
  10820.00       0.007000000
  10830.00       0.007000000
  10840.00       0.006000000
  10850.00       0.006000000
  10860.00       0.006000000
  10870.00       0.006000000
  10880.00       0.005000000
  10890.00       0.005000000
  10900.00       0.005000000
  10910.00       0.005000000
  10920.00       0.004000000
  10930.00       0.004000000
  10940.00       0.004000000
  10950.00       0.004000000
  10960.00       0.003000000
  10970.00       0.003000000
  10980.00       0.003000000
  10990.00       0.003000000
  11000.00       0.002000000
