# PS1 i total system throughput from Tonry+2012 ApJ published version
   3800.00       0.000000000
   3810.00       0.000000000
   3820.00       0.000000000
   3830.00       0.000000000
   3840.00       0.000000000
   3850.00       0.000000000
   3860.00       0.000000000
   3870.00       0.000000000
   3880.00       0.000000000
   3890.00       0.000000000
   3900.00       0.000000000
   3910.00       0.000000000
   3920.00       0.000000000
   3930.00       0.000000000
   3940.00       0.000000000
   3950.00       0.000000000
   3960.00       0.000000000
   3970.00       0.000000000
   3980.00       0.000000000
   3990.00       0.000000000
   4000.00       0.000000000
   4010.00       0.000000000
   4020.00       0.000000000
   4030.00       0.000000000
   4040.00       0.000000000
   4050.00       0.000000000
   4060.00       0.000000000
   4070.00       0.000000000
   4080.00       0.000000000
   4090.00       0.000000000
   4100.00       0.000000000
   4110.00       0.000000000
   4120.00       0.000000000
   4130.00       0.000000000
   4140.00       0.000000000
   4150.00       0.000000000
   4160.00       0.000000000
   4170.00       0.000000000
   4180.00       0.000000000
   4190.00       0.000000000
   4200.00       0.000000000
   4210.00       0.000000000
   4220.00       0.000000000
   4230.00       0.000000000
   4240.00       0.000000000
   4250.00       0.000000000
   4260.00       0.000000000
   4270.00       0.000000000
   4280.00       0.000000000
   4290.00       0.000000000
   4300.00       0.000000000
   4310.00       0.000000000
   4320.00       0.000000000
   4330.00       0.000000000
   4340.00       0.000000000
   4350.00       0.000000000
   4360.00       0.000000000
   4370.00       0.000000000
   4380.00       0.000000000
   4390.00       0.000000000
   4400.00       0.000000000
   4410.00       0.000000000
   4420.00       0.000000000
   4430.00       0.000000000
   4440.00       0.000000000
   4450.00       0.000000000
   4460.00       0.000000000
   4470.00       0.000000000
   4480.00       0.000000000
   4490.00       0.000000000
   4500.00       0.000000000
   4510.00       0.000000000
   4520.00       0.000000000
   4530.00       0.000000000
   4540.00       0.000000000
   4550.00       0.000000000
   4560.00       0.000000000
   4570.00       0.000000000
   4580.00       0.000000000
   4590.00       0.000000000
   4600.00       0.000000000
   4610.00       0.000000000
   4620.00       0.000000000
   4630.00       0.000000000
   4640.00       0.000000000
   4650.00       0.000000000
   4660.00       0.000000000
   4670.00       0.000000000
   4680.00       0.000000000
   4690.00       0.000000000
   4700.00       0.000000000
   4710.00       0.000000000
   4720.00       0.000000000
   4730.00       0.000000000
   4740.00       0.000000000
   4750.00       0.000000000
   4760.00       0.000000000
   4770.00       0.000000000
   4780.00       0.000000000
   4790.00       0.000000000
   4800.00       0.000000000
   4810.00       0.000000000
   4820.00       0.000000000
   4830.00       0.000000000
   4840.00       0.000000000
   4850.00       0.000000000
   4860.00       0.000000000
   4870.00       0.000000000
   4880.00       0.000000000
   4890.00       0.000000000
   4900.00       0.000000000
   4910.00       0.000000000
   4920.00       0.000000000
   4930.00       0.000000000
   4940.00       0.000000000
   4950.00       0.000000000
   4960.00       0.000000000
   4970.00       0.000000000
   4980.00       0.000000000
   4990.00       0.000000000
   5000.00       0.000000000
   5010.00       0.000000000
   5020.00       0.000000000
   5030.00       0.000000000
   5040.00       0.000000000
   5050.00       0.000000000
   5060.00       0.000000000
   5070.00       0.000000000
   5080.00       0.000000000
   5090.00       0.000000000
   5100.00       0.000000000
   5110.00       0.000000000
   5120.00       0.000000000
   5130.00       0.000000000
   5140.00       0.000000000
   5150.00       0.000000000
   5160.00       0.000000000
   5170.00       0.000000000
   5180.00       0.000000000
   5190.00       0.000000000
   5200.00       0.000000000
   5210.00       0.000000000
   5220.00       0.000000000
   5230.00       0.000000000
   5240.00       0.000000000
   5250.00       0.000000000
   5260.00       0.000000000
   5270.00       0.000000000
   5280.00       0.000000000
   5290.00       0.000000000
   5300.00       0.000000000
   5310.00       0.000000000
   5320.00       0.000000000
   5330.00       0.000000000
   5340.00       0.000000000
   5350.00       0.000000000
   5360.00       0.000000000
   5370.00       0.000000000
   5380.00       0.000000000
   5390.00       0.000000000
   5400.00       0.000000000
   5410.00       0.000000000
   5420.00       0.000000000
   5430.00       0.000000000
   5440.00       0.000000000
   5450.00       0.000000000
   5460.00       0.000000000
   5470.00       0.000000000
   5480.00       0.000000000
   5490.00       0.000000000
   5500.00       0.000000000
   5510.00       0.000000000
   5520.00       0.000000000
   5530.00       0.000000000
   5540.00       0.000000000
   5550.00       0.000000000
   5560.00       0.000000000
   5570.00       0.000000000
   5580.00       0.000000000
   5590.00       0.000000000
   5600.00       0.000000000
   5610.00       0.000000000
   5620.00       0.000000000
   5630.00       0.000000000
   5640.00       0.000000000
   5650.00       0.000000000
   5660.00       0.000000000
   5670.00       0.000000000
   5680.00       0.000000000
   5690.00       0.000000000
   5700.00       0.000000000
   5710.00       0.000000000
   5720.00       0.000000000
   5730.00       0.000000000
   5740.00       0.000000000
   5750.00       0.000000000
   5760.00       0.000000000
   5770.00       0.000000000
   5780.00       0.000000000
   5790.00       0.000000000
   5800.00       0.000000000
   5810.00       0.000000000
   5820.00       0.000000000
   5830.00       0.000000000
   5840.00       0.000000000
   5850.00       0.000000000
   5860.00       0.000000000
   5870.00       0.000000000
   5880.00       0.000000000
   5890.00       0.000000000
   5900.00       0.000000000
   5910.00       0.000000000
   5920.00       0.000000000
   5930.00       0.000000000
   5940.00       0.000000000
   5950.00       0.000000000
   5960.00       0.000000000
   5970.00       0.000000000
   5980.00       0.000000000
   5990.00       0.000000000
   6000.00       0.000000000
   6010.00       0.000000000
   6020.00       0.000000000
   6030.00       0.000000000
   6040.00       0.000000000
   6050.00       0.000000000
   6060.00       0.000000000
   6070.00       0.000000000
   6080.00       0.000000000
   6090.00       0.000000000
   6100.00       0.000000000
   6110.00       0.000000000
   6120.00       0.000000000
   6130.00       0.000000000
   6140.00       0.000000000
   6150.00       0.000000000
   6160.00       0.000000000
   6170.00       0.000000000
   6180.00       0.000000000
   6190.00       0.000000000
   6200.00       0.000000000
   6210.00       0.000000000
   6220.00       0.000000000
   6230.00       0.000000000
   6240.00       0.000000000
   6250.00       0.000000000
   6260.00       0.000000000
   6270.00       0.000000000
   6280.00       0.000000000
   6290.00       0.000000000
   6300.00       0.000000000
   6310.00       0.000000000
   6320.00       0.000000000
   6330.00       0.000000000
   6340.00       0.000000000
   6350.00       0.000000000
   6360.00       0.000000000
   6370.00       0.000000000
   6380.00       0.000000000
   6390.00       0.000000000
   6400.00       0.000000000
   6410.00       0.000000000
   6420.00       0.000000000
   6430.00       0.000000000
   6440.00       0.000000000
   6450.00       0.000000000
   6460.00       0.000000000
   6470.00       0.000000000
   6480.00       0.000000000
   6490.00       0.000000000
   6500.00       0.000000000
   6510.00       0.000000000
   6520.00       0.000000000
   6530.00       0.000000000
   6540.00       0.000000000
   6550.00       0.000000000
   6560.00       0.000000000
   6570.00       0.000000000
   6580.00       0.000000000
   6590.00       0.000000000
   6600.00       0.000000000
   6610.00       0.000000000
   6620.00       0.000000000
   6630.00       0.000000000
   6640.00       0.000000000
   6650.00       0.001000000
   6660.00       0.001000000
   6670.00       0.001000000
   6680.00       0.001000000
   6690.00       0.001000000
   6700.00       0.001000000
   6710.00       0.001000000
   6720.00       0.002000000
   6730.00       0.002000000
   6740.00       0.003000000
   6750.00       0.004000000
   6760.00       0.005000000
   6770.00       0.007000000
   6780.00       0.009000000
   6790.00       0.012000000
   6800.00       0.016000001
   6810.00       0.022000000
   6820.00       0.028999999
   6830.00       0.039000001
   6840.00       0.056000002
   6850.00       0.083999999
   6860.00       0.133000001
   6870.00       0.169000000
   6880.00       0.263999999
   6890.00       0.349999994
   6900.00       0.425999999
   6910.00       0.512000024
   6920.00       0.591000021
   6930.00       0.670000017
   6940.00       0.736999989
   6950.00       0.791999996
   6960.00       0.820999980
   6970.00       0.842999995
   6980.00       0.847999990
   6990.00       0.846000016
   7000.00       0.847999990
   7010.00       0.847000003
   7020.00       0.847000003
   7030.00       0.845000029
   7040.00       0.847999990
   7050.00       0.848999977
   7060.00       0.851999998
   7070.00       0.852999985
   7080.00       0.851000011
   7090.00       0.848999977
   7100.00       0.847000003
   7110.00       0.847000003
   7120.00       0.848999977
   7130.00       0.851999998
   7140.00       0.855000019
   7150.00       0.856999993
   7160.00       0.859000027
   7170.00       0.843999982
   7180.00       0.833000004
   7190.00       0.815999985
   7200.00       0.824999988
   7210.00       0.842000008
   7220.00       0.862999976
   7230.00       0.846000016
   7240.00       0.833000004
   7250.00       0.833000004
   7260.00       0.842000008
   7270.00       0.834999979
   7280.00       0.833000004
   7290.00       0.830999970
   7300.00       0.838000000
   7310.00       0.828000009
   7320.00       0.838000000
   7330.00       0.846000016
   7340.00       0.850000024
   7350.00       0.852999985
   7360.00       0.856999993
   7370.00       0.860000014
   7380.00       0.864000022
   7390.00       0.864000022
   7400.00       0.865000010
   7410.00       0.865000010
   7420.00       0.865999997
   7430.00       0.865000010
   7440.00       0.865000010
   7450.00       0.865000010
   7460.00       0.865000010
   7470.00       0.865000010
   7480.00       0.865000010
   7490.00       0.866999984
   7500.00       0.867999971
   7510.00       0.867999971
   7520.00       0.869000018
   7530.00       0.867999971
   7540.00       0.867999971
   7550.00       0.866999984
   7560.00       0.865999997
   7570.00       0.864000022
   7580.00       0.862999976
   7590.00       0.860000014
   7600.00       0.407999992
   7610.00       0.331000000
   7620.00       0.654999971
   7630.00       0.456000000
   7640.00       0.561999977
   7650.00       0.639999986
   7660.00       0.730000019
   7670.00       0.782999992
   7680.00       0.833000004
   7690.00       0.845000029
   7700.00       0.859000027
   7710.00       0.865000010
   7720.00       0.865000010
   7730.00       0.862999976
   7740.00       0.860000014
   7750.00       0.857999980
   7760.00       0.855000019
   7770.00       0.852999985
   7780.00       0.851000011
   7790.00       0.847999990
   7800.00       0.843999982
   7810.00       0.842000008
   7820.00       0.841000021
   7830.00       0.839999974
   7840.00       0.838000000
   7850.00       0.836000025
   7860.00       0.833000004
   7870.00       0.829999983
   7880.00       0.828000009
   7890.00       0.824000001
   7900.00       0.819999993
   7910.00       0.822000027
   7920.00       0.824000001
   7930.00       0.827000022
   7940.00       0.833999991
   7950.00       0.838000000
   7960.00       0.838000000
   7970.00       0.842999995
   7980.00       0.846000016
   7990.00       0.843999982
   8000.00       0.841000021
   8010.00       0.838000000
   8020.00       0.834999979
   8030.00       0.833999991
   8040.00       0.832000017
   8050.00       0.829999983
   8060.00       0.828000009
   8070.00       0.824000001
   8080.00       0.820999980
   8090.00       0.816999972
   8100.00       0.813000023
   8110.00       0.810000002
   8120.00       0.804000020
   8130.00       0.797999978
   8140.00       0.779999971
   8150.00       0.767000020
   8160.00       0.727999985
   8170.00       0.684000015
   8180.00       0.609000027
   8190.00       0.523000002
   8200.00       0.407999992
   8210.00       0.312999994
   8220.00       0.221000001
   8230.00       0.142000005
   8240.00       0.104000002
   8250.00       0.071000002
   8260.00       0.046999998
   8270.00       0.033000000
   8280.00       0.021000000
   8290.00       0.015000000
   8300.00       0.010000000
   8310.00       0.007000000
   8320.00       0.005000000
   8330.00       0.004000000
   8340.00       0.003000000
   8350.00       0.002000000
   8360.00       0.002000000
   8370.00       0.001000000
   8380.00       0.001000000
   8390.00       0.001000000
   8400.00       0.001000000
   8410.00       0.001000000
   8420.00       0.001000000
   8430.00       0.001000000
   8440.00       0.000000000
   8450.00       0.000000000
   8460.00       0.000000000
   8470.00       0.000000000
   8480.00       0.000000000
   8490.00       0.000000000
   8500.00       0.000000000
   8510.00       0.000000000
   8520.00       0.000000000
   8530.00       0.000000000
   8540.00       0.000000000
   8550.00       0.000000000
   8560.00       0.000000000
   8570.00       0.000000000
   8580.00       0.000000000
   8590.00       0.000000000
   8600.00       0.000000000
   8610.00       0.000000000
   8620.00       0.000000000
   8630.00       0.000000000
   8640.00       0.000000000
   8650.00       0.000000000
   8660.00       0.000000000
   8670.00       0.000000000
   8680.00       0.000000000
   8690.00       0.000000000
   8700.00       0.000000000
   8710.00       0.000000000
   8720.00       0.000000000
   8730.00       0.000000000
   8740.00       0.000000000
   8750.00       0.000000000
   8760.00       0.000000000
   8770.00       0.000000000
   8780.00       0.000000000
   8790.00       0.000000000
   8800.00       0.000000000
   8810.00       0.000000000
   8820.00       0.000000000
   8830.00       0.000000000
   8840.00       0.000000000
   8850.00       0.000000000
   8860.00       0.000000000
   8870.00       0.000000000
   8880.00       0.000000000
   8890.00       0.000000000
   8900.00       0.000000000
   8910.00       0.000000000
   8920.00       0.000000000
   8930.00       0.000000000
   8940.00       0.000000000
   8950.00       0.000000000
   8960.00       0.000000000
   8970.00       0.000000000
   8980.00       0.000000000
   8990.00       0.000000000
   9000.00       0.000000000
   9010.00       0.000000000
   9020.00       0.000000000
   9030.00       0.000000000
   9040.00       0.000000000
   9050.00       0.000000000
   9060.00       0.000000000
   9070.00       0.000000000
   9080.00       0.000000000
   9090.00       0.000000000
   9100.00       0.000000000
   9110.00       0.000000000
   9120.00       0.000000000
   9130.00       0.000000000
   9140.00       0.000000000
   9150.00       0.000000000
   9160.00       0.000000000
   9170.00       0.000000000
   9180.00       0.000000000
   9190.00       0.000000000
   9200.00       0.000000000
   9210.00       0.000000000
   9220.00       0.000000000
   9230.00       0.000000000
   9240.00       0.000000000
   9250.00       0.000000000
   9260.00       0.000000000
   9270.00       0.000000000
   9280.00       0.000000000
   9290.00       0.000000000
   9300.00       0.000000000
   9310.00       0.000000000
   9320.00       0.000000000
   9330.00       0.000000000
   9340.00       0.000000000
   9350.00       0.000000000
   9360.00       0.000000000
   9370.00       0.000000000
   9380.00       0.000000000
   9390.00       0.000000000
   9400.00       0.000000000
   9410.00       0.000000000
   9420.00       0.000000000
   9430.00       0.000000000
   9440.00       0.000000000
   9450.00       0.000000000
   9460.00       0.000000000
   9470.00       0.000000000
   9480.00       0.000000000
   9490.00       0.000000000
   9500.00       0.000000000
   9510.00       0.000000000
   9520.00       0.000000000
   9530.00       0.000000000
   9540.00       0.000000000
   9550.00       0.000000000
   9560.00       0.000000000
   9570.00       0.000000000
   9580.00       0.000000000
   9590.00       0.000000000
   9600.00       0.000000000
   9610.00       0.000000000
   9620.00       0.000000000
   9630.00       0.000000000
   9640.00       0.000000000
   9650.00       0.000000000
   9660.00       0.000000000
   9670.00       0.000000000
   9680.00       0.000000000
   9690.00       0.000000000
   9700.00       0.000000000
   9710.00       0.000000000
   9720.00       0.000000000
   9730.00       0.000000000
   9740.00       0.000000000
   9750.00       0.000000000
   9760.00       0.000000000
   9770.00       0.000000000
   9780.00       0.000000000
   9790.00       0.000000000
   9800.00       0.000000000
   9810.00       0.000000000
   9820.00       0.000000000
   9830.00       0.000000000
   9840.00       0.000000000
   9850.00       0.000000000
   9860.00       0.000000000
   9870.00       0.000000000
   9880.00       0.000000000
   9890.00       0.000000000
   9900.00       0.000000000
   9910.00       0.000000000
   9920.00       0.000000000
   9930.00       0.000000000
   9940.00       0.000000000
   9950.00       0.000000000
   9960.00       0.000000000
   9970.00       0.000000000
   9980.00       0.000000000
   9990.00       0.000000000
  10000.00       0.000000000
  10010.00       0.000000000
  10020.00       0.000000000
  10030.00       0.000000000
  10040.00       0.000000000
  10050.00       0.000000000
  10060.00       0.000000000
  10070.00       0.000000000
  10080.00       0.000000000
  10090.00       0.000000000
  10100.00       0.000000000
  10110.00       0.000000000
  10120.00       0.000000000
  10130.00       0.000000000
  10140.00       0.000000000
  10150.00       0.000000000
  10160.00       0.000000000
  10170.00       0.000000000
  10180.00       0.000000000
  10190.00       0.000000000
  10200.00       0.000000000
  10210.00       0.000000000
  10220.00       0.000000000
  10230.00       0.000000000
  10240.00       0.000000000
  10250.00       0.000000000
  10260.00       0.000000000
  10270.00       0.000000000
  10280.00       0.000000000
  10290.00       0.000000000
  10300.00       0.000000000
  10310.00       0.000000000
  10320.00       0.000000000
  10330.00       0.000000000
  10340.00       0.000000000
  10350.00       0.000000000
  10360.00       0.000000000
  10370.00       0.000000000
  10380.00       0.000000000
  10390.00       0.000000000
  10400.00       0.000000000
  10410.00       0.000000000
  10420.00       0.000000000
  10430.00       0.000000000
  10440.00       0.000000000
  10450.00       0.000000000
  10460.00       0.000000000
  10470.00       0.000000000
  10480.00       0.000000000
  10490.00       0.000000000
  10500.00       0.000000000
  10510.00       0.000000000
  10520.00       0.000000000
  10530.00       0.000000000
  10540.00       0.000000000
  10550.00       0.000000000
  10560.00       0.000000000
  10570.00       0.000000000
  10580.00       0.000000000
  10590.00       0.000000000
  10600.00       0.000000000
  10610.00       0.000000000
  10620.00       0.000000000
  10630.00       0.000000000
  10640.00       0.000000000
  10650.00       0.000000000
  10660.00       0.000000000
  10670.00       0.000000000
  10680.00       0.000000000
  10690.00       0.000000000
  10700.00       0.000000000
  10710.00       0.000000000
  10720.00       0.000000000
  10730.00       0.000000000
  10740.00       0.000000000
  10750.00       0.000000000
  10760.00       0.000000000
  10770.00       0.000000000
  10780.00       0.000000000
  10790.00       0.000000000
  10800.00       0.000000000
  10810.00       0.000000000
  10820.00       0.000000000
  10830.00       0.000000000
  10840.00       0.000000000
  10850.00       0.000000000
  10860.00       0.000000000
  10870.00       0.000000000
  10880.00       0.000000000
  10890.00       0.000000000
  10900.00       0.000000000
  10910.00       0.000000000
  10920.00       0.000000000
  10930.00       0.000000000
  10940.00       0.000000000
  10950.00       0.000000000
  10960.00       0.000000000
  10970.00       0.000000000
  10980.00       0.000000000
  10990.00       0.000000000
  11000.00       0.000000000
