      25300.0  7.00300e-17
      25400.0  1.52200e-16
      25500.0  1.84400e-13
      25600.0  9.99700e-14
      25700.0  7.62500e-15
      25800.0  3.11800e-33
      25900.0  1.46155e-42
      26000.0  5.62300e-31
      26100.0  3.09800e-31
      26200.0  3.17600e-31
      26300.0  2.18000e-29
      26400.0  1.78700e-31
      26500.0  2.70000e-29
      26600.0  2.24700e-36
      26700.0  2.35900e-15
      26800.0  3.20700e-15
      26900.0  1.19900e-14
      27000.0  1.20200e-14
      27100.0  8.76500e-15
      27200.0  1.95200e-14
      27300.0  1.03500e-13
      27400.0  7.12600e-15
      27500.0  1.39300e-15
      27600.0  4.98500e-25
      27700.0  5.09100e-16
      27800.0  9.94400e-15
      27900.0  8.07000e-16
      28000.0  1.14300e-15
      28100.0  2.04000e-16
      28200.0  5.71900e-15
      28300.0  5.99200e-15
      28400.0  4.62700e-14
      28500.0  1.74100e-14
      28600.0  5.68200e-29
      28700.0  3.79700e-29
      28800.0  6.83900e-32
      28900.0  2.24000e-15
      29000.0  1.12700e-14
      29100.0  8.23300e-14
      29200.0  1.13500e-15
      29300.0  7.36400e-14
      29400.0  6.40700e-14
      29500.0  9.98000e-14
      29600.0  1.15300e-14
      29700.0  7.82300e-15
      29800.0  7.04200e-16
      29900.0  7.27100e-15
      30000.0  4.59200e-14
      30100.0  1.05200e-14
      30200.0  2.54400e-13
      30300.0  1.16900e-13
      30400.0  1.28700e-14
      30500.0  6.28800e-14
      30600.0  4.58800e-34
      30700.0  7.79900e-27
      30800.0  2.49200e-25
      30900.0  1.71100e-25
      31000.0  7.61700e-30
      31100.0  4.47200e-28
      31200.0  1.12900e-29
      31300.0  5.43000e-37
      31400.0  1.11900e-30
      31500.0  8.33400e-16
      31600.0  1.48100e-14
      31700.0  3.62300e-14
      31800.0  3.96200e-14
      31900.0  3.18400e-15
      32000.0  4.85000e-15
      32100.0  6.31700e-16
      32200.0  1.50800e-13
      32300.0  1.13100e-14
      32400.0  1.41800e-13
      32500.0  3.20700e-13
      32600.0  1.92300e-14
      32700.0  7.16900e-14
      32800.0  1.06500e-14
      32900.0  1.64300e-14
      33000.0  2.74500e-13
      33100.0  8.68300e-15
      33200.0  1.32700e-13
      33300.0  7.67700e-30
      33400.0  1.09200e-34
      33500.0  2.18400e-32
      33600.0  1.88599e-40
      33700.0  2.68500e-29
      33800.0  1.03000e-36
      33900.0  4.03100e-38
      34000.0  3.13500e-35
      34100.0  9.47500e-33
      34200.0  3.35600e-34
      34300.0  1.00000e-30
      34400.0  9.76200e-16
      34500.0  3.06100e-15
      34600.0  8.83500e-16
      34700.0  5.74000e-16
      34800.0  5.49700e-27
      34900.0  2.26100e-33
      35000.0  3.02800e-28
      35100.0  5.41200e-27
      35200.0  1.67200e-29
      35300.0  8.00100e-24
      35400.0  1.51700e-30
      35500.0  5.46300e-26
      35600.0  1.27900e-32
      35700.0  1.35400e-15
      35800.0  3.86600e-14
      35900.0  3.60000e-15
      36000.0  1.94000e-13
      36100.0  3.37000e-14
      36200.0  8.35300e-14
      36300.0  4.40100e-14
      36400.0  2.86200e-14
      36500.0  1.12900e-13
      36600.0  3.56300e-14
      36700.0  6.79300e-14
      36800.0  3.57100e-13
      36900.0  6.57700e-14
      37000.0  3.80300e-15
      37100.0  2.19500e-14
      37200.0  8.08300e-15
      37300.0  3.63900e-14
      37400.0  2.00400e-14
      37500.0  7.98000e-15
      37600.0  7.01400e-15
      37700.0  3.61200e-14
      37800.0  1.26000e-14
      37900.0  4.07700e-14
      38000.0  2.72100e-13
      38100.0  9.82500e-14
      38200.0  8.63500e-14
      38300.0  4.49500e-15
      38400.0  1.04100e-13
      38500.0  2.35000e-13
      38600.0  4.29900e-14
      38700.0  9.74200e-14
      38800.0  2.21200e-13
      38900.0  7.68400e-14
      39000.0  1.50600e-13
      39100.0  6.29900e-14
      39200.0  8.50800e-14
      39300.0  8.04000e-14
      39400.0  2.33300e-13
      39500.0  6.67100e-14
      39600.0  1.14300e-13
      39700.0  8.49600e-14
      39800.0  4.52100e-14
      39900.0  1.23000e-13
      40000.0  2.35500e-26
      40100.0  4.85100e-33
      40200.0  6.73200e-31
      40300.0  1.56700e-36
      40400.0  1.86900e-25
      40500.0  1.06200e-36
      40600.0  3.26700e-25
      40700.0  1.18000e-30
      40800.0  1.67500e-33
      40900.0  6.41800e-30
      41000.0  9.45100e-30
      41100.0  8.34300e-32
      41200.0  3.18800e-13
      41300.0  2.32100e-14
      41400.0  5.44400e-13
      41500.0  1.37400e-14
      41600.0  3.26300e-13
      41700.0  7.63100e-13
      41800.0  1.42800e-12
      41900.0  1.39000e-12
      42000.0  3.02400e-14
      42100.0  3.25800e-14
      42200.0  5.38900e-13
      42300.0  1.20700e-30
      42400.0  1.86700e-33
      42500.0  1.62200e-28
      42600.0  6.21500e-28
      42700.0  2.79400e-26
      42800.0  1.46700e-30
      42900.0  1.38700e-27
      43000.0  2.03500e-28
      43100.0  5.90200e-25
      43200.0  1.20000e-27
      43300.0  2.15200e-36
      43400.0  1.41400e-36
      43500.0  8.04600e-14
      43600.0  1.82200e-13
      43700.0  5.06300e-13
      43800.0  3.47300e-14
      43900.0  3.06500e-13
      44000.0  3.93600e-13
      44100.0  1.18700e-13
      44200.0  1.03400e-12
      44300.0  5.29500e-14
      44400.0  2.86700e-13
      44500.0  3.80300e-13
      44600.0  1.65700e-13
      44700.0  1.10500e-13
      44800.0  3.28300e-14
      44900.0  6.24800e-14
      45000.0  5.16700e-14
      45100.0  2.98500e-14
      45200.0  6.42000e-15
      45300.0  4.06300e-29
      45400.0  1.16300e-32
      45500.0  1.72300e-15
      45600.0  5.46700e-14
      45700.0  1.95100e-13
      45800.0  2.22200e-13
      45900.0  2.16700e-13
      46000.0  4.68200e-13
      46100.0  4.24900e-13
      46200.0  1.31600e-12
      46300.0  4.46600e-13
      46400.0  1.21200e-12
      46500.0  9.13000e-14
      46600.0  9.38000e-15
      46700.0  9.55200e-14
      46800.0  5.17400e-13
      46900.0  4.06600e-13
      47000.0  5.19000e-13
      47100.0  4.06400e-13
      47200.0  1.70900e-13
      47300.0  1.87700e-13
      47400.0  5.08100e-14
      47500.0  6.98800e-14
      47600.0  3.16100e-12
      47700.0  4.61800e-14
      47800.0  6.91600e-14
      47900.0  8.40400e-14
      48000.0  7.26500e-14
      48100.0  5.17500e-14
      48200.0  1.71400e-13
      48300.0  5.21300e-13
      48400.0  2.21100e-14
      48500.0  3.92000e-12
      48600.0  3.51100e-12
      48700.0  3.28400e-12
      48800.0  5.00600e-12
      48900.0  3.83600e-13
      49000.0  6.56700e-14
      49100.0  1.05000e-13
      49200.0  9.77100e-14
      49300.0  4.55600e-13
      49400.0  2.78200e-13
      49500.0  7.55000e-12
      49600.0  7.49900e-13
      49700.0  2.01700e-11
      49800.0  1.22400e-11
      49900.0  6.81800e-12
      50000.0  1.34800e-11
      50100.0  4.33000e-09
      50200.0  3.09000e-09
      50300.0  5.48900e-09
      50400.0  5.37200e-09
      50500.0  8.35200e-09
      50600.0  1.03400e-08
      50700.0  9.64900e-09
      50800.0  1.20500e-08
      50900.0  1.27800e-08
      51000.0  1.77200e-08
      51100.0  1.84000e-08
      51200.0  1.85900e-08
      51300.0  2.04200e-08
      51400.0  1.62200e-08
      51500.0  2.05100e-08
      51600.0  1.95000e-08
      51700.0  1.42900e-08
      51800.0  1.40400e-08
      51900.0  1.89500e-08
      52000.0  1.77700e-08
      52100.0  1.77400e-08
      52200.0  1.19900e-08
      52300.0  1.49000e-08
      52400.0  1.08200e-08
      52500.0  1.02500e-08
      52600.0  1.04100e-08
      52700.0  9.06400e-09
      52800.0  9.63800e-09
      52900.0  5.34800e-09
      53000.0  5.43200e-09
      53100.0  2.63600e-09
      53200.0  3.68700e-09
      53300.0  5.26300e-09
      53400.0  7.01800e-09
      53500.0  8.59100e-09
      53600.0  7.16700e-09
      53700.0  1.20200e-08
      53800.0  1.06400e-08
      53900.0  1.28600e-08
      54000.0  1.77500e-08
      54100.0  1.98700e-08
      54200.0  2.15800e-08
      54300.0  2.24100e-08
      54400.0  2.75800e-08
      54500.0  2.73600e-08
      54600.0  3.10200e-08
      54700.0  3.64200e-08
      54800.0  3.92200e-08
      54900.0  3.88700e-08
      55000.0  4.01400e-08
      55100.0  3.95800e-08
      55200.0  4.11200e-08
      55300.0  4.17700e-08
      55400.0  4.19900e-08
      55500.0  4.12200e-08
      55600.0  3.95000e-08
      55700.0  3.91700e-08
      55800.0  3.76700e-08
      55900.0  3.56000e-08
      56000.0  3.18700e-08
      56100.0  2.81700e-08
      56200.0  2.42700e-08
      56300.0  2.09300e-08
      56400.0  1.97200e-08
      56500.0  2.13400e-08
      56600.0  2.22600e-08
      56700.0  2.31500e-08
      56800.0  2.36700e-08
      56900.0  3.26600e-08
      57000.0  4.69100e-08
      57100.0  6.09100e-08
      57200.0  7.60600e-08
      57300.0  9.47100e-08
      57400.0  1.11300e-07
      57500.0  1.40900e-07
      57600.0  1.59400e-07
      57700.0  1.88000e-07
      57800.0  2.11800e-07
      57900.0  2.24800e-07
      58000.0  2.44900e-07
      58100.0  2.74300e-07
      58200.0  2.95400e-07
      58300.0  3.11900e-07
      58400.0  3.14000e-07
      58500.0  3.29900e-07
      58600.0  3.28900e-07
      58700.0  3.26000e-07
      58800.0  3.33100e-07
      58900.0  3.57200e-07
      59000.0  3.42700e-07
      59100.0  3.29500e-07
      59200.0  3.12900e-07
      59300.0  3.04700e-07
      59400.0  2.91600e-07
      59500.0  2.82300e-07
      59600.0  2.66000e-07
      59700.0  2.43900e-07
      59800.0  2.22700e-07
      59900.0  2.03000e-07
      60000.0  1.93000e-07
      60100.0  1.74800e-07
      60200.0  1.56800e-07
      60300.0  1.39600e-07
      60400.0  1.20500e-07
      60500.0  1.03000e-07
      60600.0  8.36700e-08
      60700.0  7.46800e-08
      60800.0  6.43200e-08
      60900.0  5.26100e-08
      61000.0  4.28100e-08
      61100.0  3.33600e-08
      61200.0  3.15900e-08
      61300.0  3.52700e-08
      61400.0  4.12800e-08
      61500.0  4.97700e-08
      61600.0  5.96900e-08
      61700.0  7.21100e-08
      61800.0  1.06800e-07
      61900.0  1.55700e-07
      62000.0  2.28300e-07
      62100.0  3.42300e-07
      62200.0  7.28200e-07
      62300.0  6.29300e-07
      62400.0  8.19300e-07
      62500.0  1.09900e-06
      62600.0  9.49700e-07
      62700.0  2.03900e-06
      62800.0  1.78300e-06
      62900.0  9.83900e-07
      63000.0  7.46500e-07
      63100.0  2.59700e-07
      63200.0  2.56100e-07
      63300.0  2.33600e-07
      63400.0  2.24200e-07
      63500.0  1.98900e-07
      63600.0  1.74100e-07
      63700.0  1.44900e-07
      63800.0  1.18700e-07
      63900.0  1.02200e-07
      64000.0  8.03400e-08
      64100.0  6.63400e-08
      64200.0  5.70000e-08
      64300.0  5.77900e-08
      64400.0  7.14000e-08
      64500.0  9.28700e-08
      64600.0  1.17800e-07
      64700.0  1.35400e-07
      64800.0  1.60600e-07
      64900.0  1.86800e-07
      65000.0  2.23900e-07
      65100.0  2.51300e-07
      65200.0  2.86100e-07
      65300.0  3.19900e-07
      65400.0  3.57200e-07
      65500.0  3.98500e-07
      65600.0  4.11300e-07
      65700.0  4.48400e-07
      65800.0  4.87600e-07
      65900.0  5.63500e-07
      66000.0  6.30000e-07
      66100.0  6.94200e-07
      66200.0  7.28200e-07
      66300.0  8.37600e-07
      66400.0  9.09000e-07
      66500.0  9.93500e-07
      66600.0  1.06200e-06
      66700.0  1.13200e-06
      66800.0  1.20200e-06
      66900.0  1.18800e-06
      67000.0  1.19600e-06
      67100.0  1.20900e-06
      67200.0  1.16300e-06
      67300.0  1.09100e-06
      67400.0  1.00500e-06
      67500.0  8.50600e-07
      67600.0  7.31600e-07
      67700.0  6.58200e-07
      67800.0  5.42500e-07
      67900.0  5.19700e-07
      68000.0  5.64400e-07
      68100.0  6.81200e-07
      68200.0  8.07400e-07
      68300.0  9.47300e-07
      68400.0  1.04400e-06
      68500.0  1.20000e-06
      68600.0  1.35700e-06
      68700.0  1.50700e-06
      68800.0  1.68100e-06
      68900.0  1.90800e-06
      69000.0  2.22300e-06
      69100.0  2.39900e-06
      69200.0  2.61400e-06
      69300.0  2.88800e-06
      69400.0  2.91800e-06
      69500.0  3.04000e-06
      69600.0  3.11600e-06
      69700.0  3.17700e-06
      69800.0  3.31800e-06
      69900.0  3.21000e-06
      70000.0  3.23100e-06
      70100.0  3.34600e-06
      70200.0  3.32800e-06
      70300.0  3.24700e-06
      70400.0  3.13200e-06
      70500.0  2.91900e-06
      70600.0  2.79300e-06
      70700.0  2.79100e-06
      70800.0  2.60100e-06
      70900.0  2.61100e-06
      71000.0  2.51800e-06
      71100.0  2.37300e-06
      71200.0  2.35800e-06
      71300.0  2.17700e-06
      71400.0  2.06700e-06
      71500.0  1.94500e-06
      71600.0  1.85800e-06
      71700.0  1.67800e-06
      71800.0  1.59900e-06
      71900.0  1.44900e-06
      72000.0  1.35500e-06
      72100.0  1.24200e-06
      72200.0  1.10800e-06
      72300.0  1.04700e-06
      72400.0  9.30900e-07
      72500.0  8.79500e-07
      72600.0  7.98000e-07
      72700.0  7.14300e-07
      72800.0  6.59300e-07
      72900.0  5.93500e-07
      73000.0  5.38900e-07
      73100.0  4.86700e-07
      73200.0  4.34700e-07
      73300.0  3.78800e-07
      73400.0  3.21800e-07
      73500.0  2.63100e-07
      73600.0  2.10500e-07
      73700.0  1.60000e-07
      73800.0  1.14000e-07
      73900.0  1.11700e-07
      74000.0  1.34500e-07
      74100.0  1.70400e-07
      74200.0  2.13800e-07
      74300.0  2.71100e-07
      74400.0  3.13700e-07
      74500.0  3.57100e-07
      74600.0  3.77500e-07
      74700.0  3.93800e-07
      74800.0  3.90400e-07
      74900.0  3.99500e-07
      75000.0  3.85600e-07
      75100.0  3.60200e-07
      75200.0  3.50300e-07
      75300.0  3.23600e-07
      75400.0  2.97800e-07
      75500.0  2.69100e-07
      75600.0  2.32700e-07
      75700.0  2.07700e-07
      75800.0  1.73300e-07
      75900.0  1.51600e-07
      76000.0  1.20400e-07
      76100.0  1.08500e-07
      76200.0  9.04500e-08
      76300.0  8.35200e-08
      76400.0  8.26500e-08
      76500.0  8.27800e-08
      76600.0  8.13900e-08
      76700.0  8.31700e-08
      76800.0  9.05400e-08
      76900.0  9.45000e-08
      77000.0  1.00400e-07
      77100.0  1.02000e-07
      77200.0  1.08500e-07
      77300.0  1.18300e-07
      77400.0  1.23000e-07
      77500.0  1.30700e-07
      77600.0  1.42100e-07
      77700.0  1.45900e-07
      77800.0  1.57900e-07
      77900.0  1.64100e-07
      78000.0  1.66000e-07
      78100.0  1.72700e-07
      78200.0  1.84400e-07
      78300.0  1.93400e-07
      78400.0  1.91100e-07
      78500.0  1.94100e-07
      78600.0  2.04300e-07
      78700.0  2.00300e-07
      78800.0  2.10400e-07
      78900.0  2.16900e-07
      79000.0  2.16800e-07
      79100.0  2.26100e-07
      79200.0  2.35600e-07
      79300.0  2.46200e-07
      79400.0  2.65300e-07
      79500.0  2.76700e-07
      79600.0  2.80600e-07
      79700.0  3.06600e-07
      79800.0  3.09700e-07
      79900.0  3.23600e-07
      80000.0  3.37800e-07
      80100.0  3.39300e-07
      80200.0  3.39900e-07
      80300.0  3.47100e-07
      80400.0  3.32700e-07
      80500.0  3.32100e-07
      80600.0  3.14400e-07
      80700.0  3.05800e-07
      80800.0  2.94300e-07
      80900.0  2.77300e-07
      81000.0  2.77300e-07
      81100.0  2.73300e-07
      81200.0  2.59000e-07
      81300.0  2.57400e-07
      81400.0  2.73200e-07
      81500.0  2.64000e-07
      81600.0  2.73200e-07
      81700.0  2.86100e-07
      81800.0  3.02300e-07
      81900.0  3.22700e-07
      82000.0  3.46200e-07
      82100.0  3.78900e-07
      82200.0  4.23600e-07
      82300.0  4.80500e-07
      82400.0  5.78400e-07
      82500.0  6.44200e-07
      82600.0  7.58100e-07
      82700.0  9.41400e-07
      82800.0  1.01000e-06
      82900.0  1.19900e-06
      83000.0  1.46500e-06
      83100.0  9.78800e-08
      83200.0  8.15600e-08
      83300.0  7.69300e-08
      83400.0  6.74800e-08
      83500.0  6.59000e-08
      83600.0  6.70800e-08
      83700.0  6.29100e-08
      83800.0  6.17900e-08
      83900.0  6.28000e-08
      84000.0  5.97200e-08
      84100.0  5.43800e-08
      84200.0  5.15500e-08
      84300.0  4.83700e-08
      84400.0  4.73200e-08
      84500.0  4.50400e-08
      84600.0  4.13100e-08
      84700.0  3.95700e-08
      84800.0  3.88200e-08
      84900.0  3.82700e-08
      85000.0  3.78300e-08
      85100.0  3.79800e-08
      85200.0  3.93300e-08
      85300.0  3.84200e-08
      85400.0  4.06500e-08
      85500.0  3.99700e-08
      85600.0  4.20100e-08
      85700.0  4.13700e-08
      85800.0  4.19900e-08
      85900.0  4.28100e-08
      86000.0  4.35400e-08
      86100.0  4.43800e-08
      86200.0  4.64700e-08
      86300.0  4.71100e-08
      86400.0  4.75700e-08
      86500.0  4.70500e-08
      86600.0  4.86600e-08
      86700.0  4.98000e-08
      86800.0  5.08000e-08
      86900.0  5.18700e-08
      87000.0  5.27300e-08
      87100.0  5.31400e-08
      87200.0  5.39900e-08
      87300.0  5.46100e-08
      87400.0  5.29600e-08
      87500.0  5.43200e-08
      87600.0  5.48900e-08
      87700.0  5.43300e-08
      87800.0  5.55400e-08
      87900.0  5.68100e-08
      88000.0  5.85600e-08
      88100.0  6.18100e-08
      88200.0  6.35700e-08
      88300.0  6.38000e-08
      88400.0  6.49400e-08
      88500.0  6.80800e-08
      88600.0  6.81100e-08
      88700.0  6.99500e-08
      88800.0  7.18900e-08
      88900.0  7.43400e-08
      89000.0  7.91800e-08
      89100.0  8.12300e-08
      89200.0  8.51400e-08
      89300.0  8.80400e-08
      89400.0  9.01900e-08
      89500.0  9.39000e-08
      89600.0  9.61400e-08
      89700.0  9.89800e-08
      89800.0  1.01000e-07
      89900.0  1.01900e-07
      90000.0  1.00400e-07
      90100.0  1.04300e-07
      90200.0  1.08000e-07
      90300.0  1.08800e-07
      90400.0  1.07700e-07
      90500.0  1.11000e-07
      90600.0  1.12600e-07
      90700.0  1.14100e-07
      90800.0  1.14900e-07
      90900.0  1.15800e-07
      91000.0  1.16200e-07
      91100.0  1.15800e-07
      91200.0  1.15100e-07
      91300.0  1.16200e-07
      91400.0  1.12800e-07
      91500.0  1.12000e-07
      91600.0  1.12200e-07
      91700.0  1.11400e-07
      91800.0  1.11700e-07
      91900.0  1.09500e-07
      92000.0  1.06100e-07
      92100.0  1.00200e-07
      92200.0  9.91200e-08
      92300.0  9.50800e-08
      92400.0  8.82200e-08
      92500.0  8.41600e-08
      92600.0  8.15600e-08
      92700.0  7.92600e-08
      92800.0  7.47500e-08
      92900.0  7.31000e-08
      93000.0  7.21800e-08
      93100.0  7.03500e-08
      93200.0  6.85600e-08
      93300.0  6.59800e-08
      93400.0  6.60000e-08
      93500.0  6.51400e-08
      93600.0  6.32600e-08
      93700.0  6.19000e-08
      93800.0  6.12100e-08
      93900.0  6.05600e-08
      94000.0  5.99100e-08
      94100.0  5.92800e-08
      94200.0  5.86800e-08
      94300.0  5.80900e-08
      94400.0  5.75900e-08
      94500.0  5.71500e-08
      94600.0  5.63300e-08
      94700.0  5.57300e-08
      94800.0  5.48900e-08
      94900.0  5.42100e-08
      95000.0  5.33300e-08
      95100.0  5.27800e-08
      95200.0  5.21200e-08
      95300.0  5.13400e-08
      95400.0  5.09600e-08
      95500.0  5.05000e-08
      95600.0  5.01500e-08
      95700.0  4.90500e-08
      95800.0  5.00700e-08
      95900.0  4.98000e-08
      96000.0  4.88000e-08
      96100.0  4.85300e-08
      96200.0  4.81900e-08
      96300.0  4.79600e-08
      96400.0  4.81600e-08
      96500.0  4.78000e-08
      96600.0  4.86900e-08
      96700.0  4.90200e-08
      96800.0  4.89200e-08
      96900.0  4.81700e-08
      97000.0  4.78700e-08
      97100.0  4.82800e-08
      97200.0  4.76300e-08
      97300.0  4.69400e-08
      97400.0  4.66200e-08
      97500.0  4.64100e-08
      97600.0  4.70300e-08
      97700.0  4.71000e-08
      97800.0  4.67500e-08
      97900.0  4.67500e-08
      98000.0  4.68100e-08
      98100.0  4.66600e-08
      98200.0  4.65700e-08
      98300.0  4.64700e-08
      98400.0  4.66600e-08
      98500.0  4.68100e-08
      98600.0  4.67100e-08
      98700.0  4.61500e-08
      98800.0  4.60800e-08
      98900.0  4.63800e-08
      99000.0  4.61000e-08
      99100.0  4.57300e-08
      99200.0  4.65500e-08
      99300.0  4.64600e-08
      99400.0  4.64500e-08
      99500.0  4.63700e-08
      99600.0  4.66100e-08
      99700.0  4.66900e-08
      99800.0  4.66400e-08
      99900.0  4.63300e-08
      100000.  4.63900e-08
      100100.  4.64700e-08
      100200.  4.66600e-08
      100300.  4.67700e-08
      100400.  4.69800e-08
      100500.  4.72000e-08
      100600.  4.71200e-08
      100700.  4.71200e-08
      100800.  4.69900e-08
      100900.  4.61100e-08
      101000.  4.69600e-08
      101100.  4.64900e-08
      101200.  4.63000e-08
      101300.  4.60500e-08
      101400.  4.58400e-08
      101500.  4.57200e-08
      101600.  4.53700e-08
      101700.  4.50900e-08
      101800.  4.49100e-08
      101900.  4.48200e-08
      102000.  4.45900e-08
      102100.  4.44800e-08
      102200.  4.42700e-08
      102300.  4.43800e-08
      102400.  4.39400e-08
      102500.  4.38200e-08
      102600.  4.38200e-08
      102700.  4.33500e-08
      102800.  4.31800e-08
      102900.  4.29900e-08
      103000.  4.32000e-08
      103100.  4.34900e-08
      103200.  4.36900e-08
      103300.  4.38800e-08
      103400.  4.40800e-08
      103500.  4.42800e-08
      103600.  4.50500e-08
      103700.  4.55500e-08
      103800.  4.54200e-08
      103900.  4.51600e-08
      104000.  4.46500e-08
      104100.  4.44400e-08
      104200.  4.45400e-08
      104300.  4.43800e-08
      104400.  4.41300e-08
      104500.  4.39400e-08
      104600.  4.40400e-08
      104700.  4.40400e-08
      104800.  4.32400e-08
      104900.  4.38600e-08
      105000.  4.43400e-08
      105100.  4.44400e-08
      105200.  4.46600e-08
      105300.  4.51400e-08
      105400.  4.54400e-08
      105500.  4.56800e-08
      105600.  4.53400e-08
      105700.  4.50400e-08
      105800.  4.50600e-08
      105900.  4.49800e-08
      106000.  4.48100e-08
      106100.  4.47400e-08
      106200.  4.45700e-08
      106300.  4.43800e-08
      106400.  4.47200e-08
      106500.  4.44100e-08
      106600.  4.40900e-08
      106700.  4.38500e-08
      106800.  4.37100e-08
      106900.  4.34400e-08
      107000.  4.32500e-08
      107100.  4.30100e-08
      107200.  4.27300e-08
      107300.  4.26700e-08
      107400.  4.26800e-08
      107500.  4.26900e-08
      107600.  4.22900e-08
      107700.  4.19600e-08
      107800.  4.23200e-08
      107900.  4.23200e-08
      108000.  4.22000e-08
      108100.  4.20200e-08
      108200.  4.19200e-08
      108300.  4.14400e-08
      108400.  4.15400e-08
      108500.  4.18100e-08
      108600.  4.20400e-08
      108700.  4.20800e-08
      108800.  4.19700e-08
      108900.  4.20000e-08
      109000.  4.20800e-08
      109100.  4.27700e-08
      109200.  4.30600e-08
      109300.  4.32400e-08
      109400.  4.36200e-08
      109500.  4.41200e-08
      109600.  4.45600e-08
      109700.  4.50300e-08
      109800.  4.55500e-08
      109900.  4.62500e-08
      110000.  4.73000e-08
      110100.  4.84900e-08
      110200.  4.96900e-08
      110300.  5.08800e-08
      110400.  5.29700e-08
      110500.  5.55300e-08
      110600.  5.82700e-08
      110700.  6.14800e-08
      110800.  6.50100e-08
      110900.  6.96300e-08
      111000.  7.48100e-08
      111100.  4.75700e-08
      111200.  4.30200e-08
      111300.  3.84800e-08
      111400.  3.30200e-08
      111500.  2.95200e-08
      111600.  2.64200e-08
      111700.  2.37700e-08
      111800.  2.11200e-08
      111900.  1.89600e-08
      112000.  1.75000e-08
      112100.  1.61400e-08
      112200.  1.49300e-08
      112300.  1.39200e-08
      112400.  1.32100e-08
      112500.  1.24300e-08
      112600.  1.17800e-08
      112700.  1.10300e-08
      112800.  1.06500e-08
      112900.  1.05500e-08
      113000.  1.02700e-08
      113100.  1.00300e-08
      113200.  9.63700e-09
      113300.  9.57500e-09
      113400.  9.54500e-09
      113500.  9.62900e-09
      113600.  9.66900e-09
      113700.  9.65200e-09
      113800.  9.52500e-09
      113900.  9.73000e-09
      114000.  9.91100e-09
      114100.  9.98900e-09
      114200.  1.01700e-08
      114300.  1.02600e-08
      114400.  1.04400e-08
      114500.  1.05200e-08
      114600.  1.07400e-08
      114700.  1.09700e-08
      114800.  1.10700e-08
      114900.  1.11700e-08
      115000.  1.13600e-08
      115100.  1.16100e-08
      115200.  1.18200e-08
      115300.  1.20000e-08
      115400.  1.20900e-08
      115500.  1.23000e-08
      115600.  1.24100e-08
      115700.  1.25100e-08
      115800.  1.28100e-08
      115900.  1.29800e-08
      116000.  1.31600e-08
      116100.  1.33500e-08
      116200.  1.35800e-08
      116300.  1.38600e-08
      116400.  1.40000e-08
      116500.  1.43100e-08
      116600.  1.46800e-08
      116700.  1.49400e-08
      116800.  1.52600e-08
      116900.  1.55400e-08
      117000.  1.58700e-08
      117100.  1.62400e-08
      117200.  1.66200e-08
      117300.  1.69300e-08
      117400.  1.71500e-08
      117500.  1.75300e-08
      117600.  1.78800e-08
      117700.  1.80800e-08
      117800.  1.83800e-08
      117900.  1.87700e-08
      118000.  1.91500e-08
      118100.  1.97100e-08
      118200.  2.00400e-08
      118300.  2.04800e-08
      118400.  2.09000e-08
      118500.  2.12900e-08
      118600.  2.16200e-08
      118700.  2.18200e-08
      118800.  2.24400e-08
      118900.  2.30900e-08
      119000.  2.34500e-08
      119100.  2.37800e-08
      119200.  2.41900e-08
      119300.  2.44300e-08
      119400.  2.43600e-08
      119500.  2.46700e-08
      119600.  2.49900e-08
      119700.  2.53000e-08
      119800.  2.55200e-08
      119900.  2.58400e-08
      120000.  2.60700e-08
      120100.  2.67100e-08
      120200.  2.68700e-08
      120300.  2.68700e-08
      120400.  2.62900e-08
      120500.  2.64200e-08
      120600.  2.64500e-08
      120700.  2.65800e-08
      120800.  2.67000e-08
      120900.  2.68100e-08
      121000.  2.69000e-08
      121100.  2.69800e-08
      121200.  2.69600e-08
      121300.  2.70500e-08
      121400.  2.71400e-08
      121500.  2.72400e-08
      121600.  2.73400e-08
      121700.  2.81500e-08
      121800.  2.83300e-08
      121900.  2.82600e-08
      122000.  2.77600e-08
      122100.  2.79700e-08
      122200.  2.80600e-08
      122300.  2.86100e-08
      122400.  2.87300e-08
      122500.  2.86700e-08
      122600.  2.85700e-08
      122700.  2.84500e-08
      122800.  2.82700e-08
      122900.  2.79800e-08
      123000.  2.73200e-08
      123100.  2.71100e-08
      123200.  2.70000e-08
      123300.  2.68000e-08
      123400.  2.71800e-08
      123500.  2.70300e-08
      123600.  2.66500e-08
      123700.  2.57100e-08
      123800.  2.54300e-08
      123900.  2.51400e-08
      124000.  2.48500e-08
      124100.  2.49000e-08
      124200.  2.47600e-08
      124300.  2.44400e-08
      124400.  2.39000e-08
      124500.  2.34500e-08
      124600.  2.31600e-08
      124700.  2.31600e-08
      124800.  2.28800e-08
      124900.  2.25100e-08
      125000.  2.21900e-08
      125100.  2.17100e-08
      125200.  2.08700e-08
      125300.  2.05500e-08
      125400.  2.02400e-08
      125500.  2.02600e-08
      125600.  1.99700e-08
      125700.  1.96400e-08
      125800.  1.93000e-08
      125900.  1.89300e-08
      126000.  1.84600e-08
      126100.  1.81800e-08
      126200.  1.80100e-08
      126300.  1.77600e-08
      126400.  1.74700e-08
      126500.  1.71600e-08
      126600.  1.68100e-08
      126700.  1.61600e-08
      126800.  1.58600e-08
      126900.  1.55600e-08
      127000.  1.51600e-08
      127100.  1.49700e-08
      127200.  1.48600e-08
      127300.  1.48600e-08
      127400.  1.47600e-08
      127500.  1.46600e-08
      127600.  1.46600e-08
      127700.  1.45600e-08
      127800.  1.48600e-08
      127900.  1.51500e-08
      128000.  1.55500e-08
      128100.  1.59400e-08
      128200.  1.64300e-08
      128300.  1.69200e-08
      128400.  1.79100e-08
      128500.  1.92400e-08
      128600.  2.08500e-08
      128700.  2.26800e-08
      128800.  2.47800e-08
      128900.  2.72800e-08
      129000.  3.02600e-08
      129100.  3.30300e-08
      129200.  3.61800e-08
      129300.  4.00700e-08
      129400.  4.48800e-08
      129500.  5.09600e-08
      129600.  5.94100e-08
      129700.  6.78900e-08
      129800.  7.59800e-08
      129900.  8.58700e-08
      130000.  9.81500e-08
      130100.  1.14900e-07
      130200.  1.36800e-07
      130300.  1.66500e-07
      130400.  1.82000e-07
      130500.  1.99000e-07
      130600.  2.19400e-07
      130700.  2.43500e-07
      130800.  2.74400e-07
      130900.  3.17200e-07
      131000.  2.93000e-07
      131100.  3.43700e-07
      131200.  3.40300e-07
      131300.  3.38500e-07
      131400.  3.34200e-07
      131500.  3.28800e-07
      131600.  3.22200e-07
      131700.  3.09700e-07
      131800.  2.95900e-07
      131900.  2.82900e-07
      132000.  1.91800e-07
      132100.  5.06500e-07
      132200.  5.09400e-07
      132300.  5.13900e-07
      132400.  5.15900e-07
      132500.  5.18000e-07
      132600.  5.19700e-07
      132700.  5.19700e-07
      132800.  5.18900e-07
      132900.  5.19300e-07
      133000.  5.19300e-07
      133100.  5.19500e-07
      133200.  5.19100e-07
      133300.  5.17700e-07
      133400.  5.14900e-07
      133500.  4.97200e-07
      133600.  5.25900e-07
      133700.  5.24900e-07
      133800.  5.05800e-07
      133900.  5.09100e-07
      134000.  5.06000e-07
      134100.  5.18500e-07
      134200.  5.17900e-07
      134300.  5.16100e-07
      134400.  4.96800e-07
      134500.  4.99900e-07
      134600.  5.17900e-07
      134700.  5.18100e-07
      134800.  5.19600e-07
      134900.  5.19900e-07
      135000.  5.20500e-07
      135100.  5.23000e-07
      135200.  5.24600e-07
      135300.  5.27200e-07
      135400.  5.28900e-07
      135500.  5.31700e-07
      135600.  5.34600e-07
      135700.  5.36400e-07
      135800.  5.22500e-07
      135900.  5.30100e-07
      136000.  5.31600e-07
      136100.  5.29800e-07
      136200.  5.42300e-07
      136300.  5.43100e-07
      136400.  5.42800e-07
      136500.  5.28800e-07
      136600.  5.32200e-07
      136700.  5.33300e-07
      136800.  5.33600e-07
      136900.  5.33400e-07
      137000.  5.32700e-07
      137100.  5.31400e-07
      137200.  5.31800e-07
      137300.  5.34600e-07
      137400.  5.36700e-07
      137500.  5.37500e-07
      137600.  5.37400e-07
      137700.  5.30600e-07
      137800.  5.39400e-07
      137900.  5.39000e-07
      138000.  5.39700e-07
      138100.  5.40400e-07
      138200.  5.42200e-07
      138300.  5.42800e-07
      138400.  5.43500e-07
      138500.  5.45000e-07
      138600.  5.45400e-07
      138700.  5.46600e-07
      138800.  5.47600e-07
      138900.  5.48400e-07
      139000.  5.49300e-07
      139100.  5.50100e-07
      139200.  5.42900e-07
      139300.  5.46600e-07
      139400.  5.47000e-07
      139500.  5.39000e-07
      139600.  5.53800e-07
      139700.  5.53800e-07
      139800.  5.55000e-07
      139900.  5.55300e-07
      140000.  5.55700e-07
      140100.  5.50400e-07
      140200.  5.53900e-07
      140300.  5.52900e-07
      140400.  5.56900e-07
      140500.  5.57400e-07
      140600.  5.58300e-07
      140700.  5.59800e-07
      140800.  5.51200e-07
      140900.  5.53700e-07
      141000.  5.59100e-07
      141100.  5.55600e-07
      141200.  5.52500e-07
      141300.  5.49700e-07
      141400.  5.41300e-07
      141500.  5.42300e-07
      141600.  5.41200e-07
      141700.  5.38600e-07
      141800.  5.30000e-07
      141900.  5.37300e-07
      142000.  5.35800e-07
      142100.  5.25900e-07
      142200.  5.28700e-07
      142300.  5.28700e-07
      142400.  5.28200e-07
      142500.  5.28400e-07
      142600.  5.29800e-07
      142700.  5.30700e-07
      142800.  5.30800e-07
      142900.  5.28900e-07
      143000.  5.27300e-07
      143100.  5.26000e-07
      143200.  5.26500e-07
      143300.  5.28300e-07
      143400.  5.29100e-07
      143500.  5.29500e-07
      143600.  5.26400e-07
      143700.  5.33200e-07
      143800.  5.35100e-07
      143900.  5.35900e-07
      144000.  5.37500e-07
      144100.  5.39200e-07
      144200.  5.40700e-07
      144300.  5.43300e-07
      144400.  5.28300e-07
      144500.  5.39700e-07
      144600.  5.49000e-07
      144700.  5.50600e-07
      144800.  5.53200e-07
      144900.  5.55800e-07
      145000.  5.54500e-07
      145100.  5.61700e-07
      145200.  5.65400e-07
      145300.  5.69300e-07
      145400.  5.71800e-07
      145500.  5.66300e-07
      145600.  5.78200e-07
      145700.  5.82000e-07
      145800.  5.82200e-07
      145900.  5.92400e-07
      146000.  5.98900e-07
      146100.  6.02100e-07
      146200.  6.04600e-07
      146300.  6.04100e-07
      146400.  6.07200e-07
      146500.  6.17100e-07
      146600.  6.22800e-07
      146700.  6.28200e-07
      146800.  6.32600e-07
      146900.  6.33900e-07
      147000.  6.35600e-07
      147100.  6.38800e-07
      147200.  6.43000e-07
      147300.  6.47300e-07
      147400.  6.49600e-07
      147500.  6.52000e-07
      147600.  6.55500e-07
      147700.  6.52200e-07
      147800.  6.60400e-07
      147900.  6.62900e-07
      148000.  6.65300e-07
      148100.  6.67600e-07
      148200.  6.70100e-07
      148300.  6.70200e-07
      148400.  6.71400e-07
      148500.  6.69800e-07
      148600.  6.79500e-07
      148700.  6.82000e-07
      148800.  6.82500e-07
      148900.  6.80500e-07
      149000.  6.77300e-07
      149100.  6.73200e-07
      149200.  6.73700e-07
      149300.  6.73300e-07
      149400.  6.64400e-07
      149500.  6.78500e-07
      149600.  6.80400e-07
      149700.  6.81700e-07
      149800.  6.80800e-07
      149900.  6.80100e-07
      150000.  6.78900e-07
      150100.  6.78700e-07
      150200.  6.80000e-07
      150300.  6.81800e-07
      150400.  6.82900e-07
      150500.  6.83700e-07
      150600.  6.84200e-07
      150700.  6.85000e-07
      150800.  6.84400e-07
      150900.  6.82000e-07
      151000.  6.79100e-07
      151100.  6.70000e-07
      151200.  6.76400e-07
      151300.  6.67500e-07
      151400.  6.74400e-07
      151500.  6.74800e-07
      151600.  6.73400e-07
      151700.  6.71700e-07
      151800.  6.67600e-07
      151900.  6.59700e-07
      152000.  6.67900e-07
      152100.  6.66700e-07
      152200.  6.65500e-07
      152300.  6.65200e-07
      152400.  6.64100e-07
      152500.  6.62900e-07
      152600.  6.62700e-07
      152700.  6.62600e-07
      152800.  6.62300e-07
      152900.  6.62200e-07
      153000.  6.62100e-07
      153100.  6.53300e-07
      153200.  6.55500e-07
      153300.  6.54300e-07
      153400.  6.46100e-07
      153500.  6.62300e-07
      153600.  6.62300e-07
      153700.  6.63400e-07
      153800.  6.51400e-07
      153900.  6.54600e-07
      154000.  6.53700e-07
      154100.  6.51200e-07
      154200.  6.52400e-07
      154300.  6.55600e-07
      154400.  6.59800e-07
      154500.  6.62700e-07
      154600.  6.65300e-07
      154700.  6.65200e-07
      154800.  6.60400e-07
      154900.  6.81900e-07
      155000.  6.84300e-07
      155100.  6.86800e-07
      155200.  6.74800e-07
      155300.  6.82200e-07
      155400.  6.89300e-07
      155500.  6.96500e-07
      155600.  7.01400e-07
      155700.  7.05000e-07
      155800.  7.05700e-07
      155900.  7.27200e-07
      156000.  7.32200e-07
      156100.  7.37000e-07
      156200.  7.42700e-07
      156300.  7.47400e-07
      156400.  7.52800e-07
      156500.  7.45800e-07
      156600.  7.53400e-07
      156700.  7.58600e-07
      156800.  7.63000e-07
      156900.  7.67500e-07
      157000.  7.73300e-07
      157100.  7.79800e-07
      157200.  7.85100e-07
      157300.  7.89000e-07
      157400.  7.92300e-07
      157500.  7.95100e-07
      157600.  7.96500e-07
      157700.  7.93300e-07
      157800.  8.14900e-07
      157900.  8.18500e-07
      158000.  8.21800e-07
      158100.  8.26300e-07
      158200.  8.05000e-07
      158300.  8.15200e-07
      158400.  8.16100e-07
      158500.  8.39400e-07
      158600.  8.42800e-07
      158700.  8.46000e-07
      158800.  8.49400e-07
      158900.  8.52600e-07
      159000.  8.56000e-07
      159100.  8.59200e-07
      159200.  8.43700e-07
      159300.  8.51300e-07
      159400.  8.53100e-07
      159500.  8.48700e-07
      159600.  8.75100e-07
      159700.  8.78800e-07
      159800.  8.82300e-07
      159900.  8.85800e-07
      160000.  8.89300e-07
      160100.  8.94300e-07
      160200.  8.98100e-07
      160300.  9.02200e-07
      160400.  9.06100e-07
      160500.  9.10300e-07
      160600.  9.14400e-07
      160700.  9.18600e-07
      160800.  9.23000e-07
      160900.  9.14200e-07
      161000.  9.24900e-07
      161100.  9.29300e-07
      161200.  9.42000e-07
      161300.  9.43100e-07
      161400.  9.43800e-07
      161500.  9.54400e-07
      161600.  9.53900e-07
      161700.  9.52900e-07
      161800.  9.61900e-07
      161900.  9.60500e-07
      162000.  9.61300e-07
      162100.  9.64400e-07
      162200.  9.78500e-07
      162300.  9.81800e-07
      162400.  9.84500e-07
      162500.  9.86200e-07
      162600.  9.87100e-07
      162700.  9.97100e-07
      162800.  9.95900e-07
      162900.  9.93300e-07
      163000.  9.88700e-07
      163100.  9.75800e-07
      163200.  9.89600e-07
      163300.  9.89500e-07
      163400.  9.89400e-07
      163500.  9.83200e-07
      163600.  9.90000e-07
      163700.  9.91400e-07
      163800.  9.87000e-07
      163900.  9.90000e-07
      164000.  9.90500e-07
      164100.  9.90900e-07
      164200.  9.91300e-07
      164300.  1.00200e-06
      164400.  1.00300e-06
      164500.  1.00300e-06
      164600.  1.00400e-06
      164700.  1.00400e-06
      164800.  1.00500e-06
      164900.  1.00500e-06
      165000.  1.01600e-06
      165100.  1.01600e-06
      165200.  1.01600e-06
      165300.  1.01600e-06
      165400.  1.02700e-06
      165500.  1.02700e-06
      165600.  1.03700e-06
      165700.  1.03700e-06
      165800.  1.03600e-06
      165900.  1.05000e-06
      166000.  1.05500e-06
      166100.  1.06400e-06
      166200.  1.06000e-06
      166300.  1.05700e-06
      166400.  1.07200e-06
      166500.  1.08100e-06
      166600.  1.07500e-06
      166700.  1.08800e-06
      166800.  1.09000e-06
      166900.  1.10700e-06
      167000.  1.11600e-06
      167100.  1.12400e-06
      167200.  1.13300e-06
      167300.  1.14200e-06
      167400.  1.15000e-06
      167500.  1.15900e-06
      167600.  1.16800e-06
      167700.  1.17700e-06
      167800.  1.18600e-06
      167900.  1.19400e-06
      168000.  1.21000e-06
      168100.  1.22000e-06
      168200.  1.21700e-06
      168300.  1.24000e-06
      168400.  1.26000e-06
      168500.  1.26900e-06
      168600.  1.27700e-06
      168700.  1.29700e-06
      168800.  1.30500e-06
      168900.  1.31400e-06
      169000.  1.34000e-06
      169100.  1.35800e-06
      169200.  1.37900e-06
      169300.  1.38800e-06
      169400.  1.39600e-06
      169500.  1.41300e-06
      169600.  1.42000e-06
      169700.  1.44100e-06
      169800.  1.46300e-06
      169900.  1.47500e-06
      170000.  1.49700e-06
      170100.  1.50800e-06
      170200.  1.52800e-06
      170300.  1.54700e-06
      170400.  1.55400e-06
      170500.  1.57100e-06
      170600.  1.58600e-06
      170700.  1.60200e-06
      170800.  1.61300e-06
      170900.  1.63900e-06
      171000.  1.66500e-06
      171100.  1.68800e-06
      171200.  1.70500e-06
      171300.  1.71000e-06
      171400.  1.71400e-06
      171500.  1.72400e-06
      171600.  1.74400e-06
      171700.  1.76300e-06
      171800.  1.82200e-06
      171900.  1.84800e-06
      172000.  1.87700e-06
      172100.  1.89100e-06
      172200.  1.90200e-06
      172300.  1.92100e-06
      172400.  1.92200e-06
      172500.  1.88700e-06
      172600.  1.89800e-06
      172700.  1.90800e-06
      172800.  1.92900e-06
      172900.  1.94000e-06
      173000.  1.95100e-06
      173100.  2.00600e-06
      173200.  2.05500e-06
      173300.  2.07300e-06
      173400.  2.07800e-06
      173500.  2.06500e-06
      173600.  2.03800e-06
      173700.  2.04900e-06
      173800.  2.06000e-06
      173900.  2.08100e-06
      174000.  2.14700e-06
      174100.  2.18500e-06
      174200.  2.20100e-06
      174300.  2.17700e-06
      174400.  2.16400e-06
      174500.  2.18500e-06
      174600.  2.25100e-06
      174700.  2.31600e-06
      174800.  2.35300e-06
      174900.  2.38300e-06
      175000.  2.40700e-06
      175100.  2.42600e-06
      175200.  2.45200e-06
      175300.  2.48500e-06
      175400.  2.51100e-06
      175500.  2.53600e-06
      175600.  2.49500e-06
      175700.  2.53300e-06
      175800.  2.58000e-06
      175900.  2.62800e-06
      176000.  2.70200e-06
      176100.  2.80400e-06
      176200.  2.86700e-06
      176300.  2.92900e-06
      176400.  2.97400e-06
      176500.  3.03400e-06
      176600.  3.08800e-06
      176700.  3.14000e-06
      176800.  3.21000e-06
      176900.  3.27500e-06
      177000.  3.34900e-06
      177100.  3.40400e-06
      177200.  3.43300e-06
      177300.  3.51700e-06
      177400.  3.60200e-06
      177500.  3.69500e-06
      177600.  3.78900e-06
      177700.  3.91100e-06
      177800.  4.11000e-06
      177900.  4.28300e-06
      178000.  4.44300e-06
      178100.  4.58800e-06
      178200.  4.73500e-06
      178300.  4.87300e-06
      178400.  5.02900e-06
      178500.  5.20000e-06
      178600.  5.38200e-06
      178700.  5.58900e-06
      178800.  5.81200e-06
      178900.  6.07300e-06
      179000.  6.35800e-06
      179100.  6.65000e-06
      179200.  6.91600e-06
      179300.  7.27500e-06
      179400.  7.70100e-06
      179500.  8.13400e-06
      179600.  8.77900e-06
      179700.  9.43000e-06
      179800.  1.01100e-05
      179900.  1.09500e-05
      180000.  1.17700e-05
      180100.  1.26500e-05
      180200.  1.33800e-05
      180300.  1.40800e-05
      180400.  1.52900e-05
      180500.  1.64900e-05
      180600.  1.78500e-05
      180700.  1.94500e-05
      180800.  2.12700e-05
      180900.  2.36000e-05
      181000.  2.60100e-05
      181100.  2.98300e-05
      181200.  3.43600e-05
      181300.  4.01700e-05
      181400.  4.01600e-05
      181500.  4.14100e-05
      181600.  4.06100e-05
      181700.  3.96600e-05
      181800.  3.84100e-05
      181900.  3.70800e-05
      182000.  3.54700e-05
      182100.  3.40400e-05
      182200.  2.44100e-05
      182300.  2.95500e-05
      182400.  3.16900e-05
      182500.  3.26500e-05
      182600.  3.24900e-05
      182700.  2.36900e-05
      182800.  1.16500e-05
      182900.  1.43000e-05
      183000.  1.12200e-05
      183100.  8.96400e-06
      183200.  7.24900e-06
      183300.  5.91600e-06
      183400.  4.94900e-06
      183500.  4.20100e-06
      183600.  3.61700e-06
      183700.  3.17400e-06
      183800.  2.23300e-06
      183900.  2.67100e-06
      184000.  1.95500e-06
      184100.  2.22500e-06
      184200.  2.55400e-06
      184300.  2.77400e-06
      184400.  2.84900e-06
      184500.  2.70500e-06
      184600.  2.32300e-06
      184700.  1.77000e-06
      184800.  1.19800e-06
      184900.  1.28300e-06
      185000.  2.26500e-06
      185100.  3.36200e-06
      185200.  4.28400e-06
      185300.  4.88400e-06
      185400.  4.89800e-06
      185500.  4.00200e-06
      185600.  8.54400e-07
      185700.  4.13700e-07
      185800.  4.41500e-07
      185900.  4.73500e-07
      186000.  5.06100e-07
      186100.  5.44000e-07
      186200.  4.72400e-06
      186300.  7.16800e-06
      186400.  8.23200e-06
      186500.  7.95300e-06
      186600.  6.34800e-06
      186700.  2.62500e-06
      186800.  8.80500e-07
      186900.  9.24500e-07
      187000.  9.58800e-07
      187100.  2.22000e-06
      187200.  7.04400e-06
      187300.  1.02300e-05
      187400.  1.26700e-05
      187500.  1.45100e-05
      187600.  1.59100e-05
      187700.  1.69500e-05
      187800.  1.76100e-05
      187900.  1.79400e-05
      188000.  1.79500e-05
      188100.  1.77300e-05
      188200.  1.73500e-05
      188300.  1.69500e-05
      188400.  1.69000e-05
      188500.  1.73100e-05
      188600.  1.81000e-05
      188700.  1.92700e-05
      188800.  2.07600e-05
      188900.  2.22100e-05
      189000.  2.38900e-05
      189100.  2.56400e-05
      189200.  2.75200e-05
      189300.  2.92500e-05
      189400.  3.09200e-05
      189500.  3.24200e-05
      189600.  3.34500e-05
      189700.  3.39800e-05
      189800.  3.32300e-05
      189900.  3.07500e-05
      190000.  2.57800e-05
      190100.  1.67300e-05
      190200.  8.60300e-06
      190300.  9.36000e-06
      190400.  1.01900e-05
      190500.  1.84200e-05
      190600.  3.45800e-05
      190700.  0.000115400
      190800.  0.000270600
      190900.  0.000503800
      191000.  0.000693500
      191100.  0.000842600
      191200.  0.000887700
      191300.  0.000905600
      191400.  0.000869100
      191500.  0.000813300
      191600.  0.000717500
      191700.  0.000589100
      191800.  0.000434000
      191900.  0.000236000
      192000.  0.000103100
      192100.  5.89600e-05
      192200.  2.26700e-05
      192300.  5.48900e-05
      192400.  6.01500e-05
      192500.  5.46000e-05
      192600.  0.000100300
      192700.  0.000142300
      192800.  0.000181900
      192900.  0.000218000
      193000.  5.02200e-05
      193100.  0.000247900
      193200.  0.000271100
      193300.  0.000306500
      193400.  0.000349600
      193500.  0.000407000
      193600.  0.000465300
      193700.  0.000588800
      193800.  0.000731900
      193900.  0.000981600
      194000.   0.00128000
      194100.   0.00158500
      194200.   0.00186300
      194300.   0.00209500
      194400.   0.00226300
      194500.   0.00241500
      194600.   0.00252400
      194700.   0.00263100
      194800.   0.00271400
      194900.   0.00279600
      195000.   0.00291600
      195100.   0.00306300
      195200.   0.00328700
      195300.   0.00358900
      195400.   0.00397000
      195500.   0.00448300
      195600.   0.00506000
      195700.   0.00586900
      195800.   0.00672300
      195900.   0.00788100
      196000.   0.00910000
      196100.    0.0106400
      196200.    0.0122300
      196300.    0.0140200
      196400.    0.0160100
      196500.    0.0183000
      196600.    0.0207900
      196700.    0.0234800
      196800.    0.0265700
      196900.    0.0298600
      197000.    0.0339400
      197100.    0.0381200
      197200.    0.0431800
      197300.    0.0484500
      197400.    0.0546000
      197500.    0.0608400
      197600.    0.0677800
      197700.    0.0751300
      197800.    0.0829700
      197900.    0.0915100
      198000.     0.100300
      198100.     0.111300
      198200.     0.122200
      198300.     0.134200
      198400.     0.146100
      198500.     0.158100
      198600.     0.170100
      198700.     0.180100
      198800.     0.190100
      198900.     0.199200
      199000.     0.207300
      199100.     0.214400
      199200.     0.221500
      199300.     0.227500
      199400.     0.233600
      199500.     0.238600
      199600.     0.242700
      199700.     0.244700
      199800.     0.246800
      199900.     0.246800
      200000.     0.246900
      200100.     0.245900
      200200.     0.245900
      200300.     0.246000
      200400.     0.246000
      200500.     0.247000
      200600.     0.248100
      200700.     0.249100
      200800.     0.250100
      200900.     0.251100
      201000.     0.251100
      201100.     0.251200
      201200.     0.252200
      201300.     0.254200
      201400.     0.257200
      201500.     0.260200
      201600.     0.264200
      201700.     0.267200
      201800.     0.270100
      201900.     0.272100
      202000.     0.272100
      202100.     0.273100
      202200.     0.272100
      202300.     0.272100
      202400.     0.271100
      202500.     0.270100
      202600.     0.269200
      202700.     0.269200
      202800.     0.267200
      202900.     0.265200
      203000.     0.263200
      203100.     0.261200
      203200.     0.259200
      203300.     0.258200
      203400.     0.258200
      203500.     0.258200
      203600.     0.260100
      203700.     0.262100
      203800.     0.265100
      203900.     0.267100
      204000.     0.269100
      204100.     0.270100
      204200.     0.271100
      204300.     0.272100
      204400.     0.273100
      204500.     0.275100
      204600.     0.277100
      204700.     0.280100
      204800.     0.282100
      204900.     0.285100
      205000.     0.285100
      205100.     0.286100
      205200.     0.285100
      205300.     0.284100
      205400.     0.282100
      205500.     0.281100
      205600.     0.280100
      205700.     0.279100
      205800.     0.279100
      205900.     0.279100
      206000.     0.278100
      206100.     0.277100
      206200.     0.276100
      206300.     0.274100
      206400.     0.273100
      206500.     0.271100
      206600.     0.271100
      206700.     0.272100
      206800.     0.274100
      206900.     0.277100
      207000.     0.279100
      207100.     0.281100
      207200.     0.282100
      207300.     0.282100
      207400.     0.281100
      207500.     0.279100
      207600.     0.277100
      207700.     0.275100
      207800.     0.273100
      207900.     0.273100
      208000.     0.273100
      208100.     0.274100
      208200.     0.274100
      208300.     0.275100
      208400.     0.276100
      208500.     0.276100
      208600.     0.275100
      208700.     0.275100
      208800.     0.275100
      208900.     0.275100
      209000.     0.276100
      209100.     0.276100
      209200.     0.277100
      209300.     0.277100
      209400.     0.277100
      209500.     0.275100
      209600.     0.273100
      209700.     0.271100
      209800.     0.268100
      209900.     0.265100
      210000.     0.264100
      210100.     0.262100
      210200.     0.263100
      210300.     0.263100
      210400.     0.265100
      210500.     0.267100
      210600.     0.268100
      210700.     0.270100
      210800.     0.272100
      210900.     0.273100
      211000.     0.275100
      211100.     0.277100
      211200.     0.279100
      211300.     0.282100
      211400.     0.285100
      211500.     0.288000
      211600.     0.291000
      211700.     0.293000
      211800.     0.295000
      211900.     0.295000
      212000.     0.295000
      212100.     0.295000
      212200.     0.295000
      212300.     0.296000
      212400.     0.296000
      212500.     0.297000
      212600.     0.299000
      212700.     0.300000
      212800.     0.300000
      212900.     0.300000
      213000.     0.298000
      213100.     0.296000
      213200.     0.293000
      213300.     0.289000
      213400.     0.287000
      213500.     0.284000
      213600.     0.282000
      213700.     0.281000
      213800.     0.280000
      213900.     0.279000
      214000.     0.278000
      214100.     0.277000
      214200.     0.276000
      214300.     0.274000
      214400.     0.273000
      214500.     0.272000
      214600.     0.272000
      214700.     0.274000
      214800.     0.276000
      214900.     0.279000
      215000.     0.283000
      215100.     0.287000
      215200.     0.290000
      215300.     0.293000
      215400.     0.295000
      215500.     0.296000
      215600.     0.297000
      215700.     0.297000
      215800.     0.297000
      215900.     0.297000
      216000.     0.297000
      216100.     0.297000
      216200.     0.297000
      216300.     0.295000
      216400.     0.294000
      216500.     0.291000
      216600.     0.287000
      216700.     0.283000
      216800.     0.278000
      216900.     0.273000
      217000.     0.269000
      217100.     0.266000
      217200.     0.264000
      217300.     0.262000
      217400.     0.262000
      217500.     0.262000
      217600.     0.262000
      217700.     0.263000
      217800.     0.263000
      217900.     0.263000
      218000.     0.263000
      218100.     0.264000
      218200.     0.266000
      218300.     0.268000
      218400.     0.272000
      218500.     0.275000
      218600.     0.279900
      218700.     0.284900
      218800.     0.287900
      218900.     0.290900
      219000.     0.292900
      219100.     0.291900
      219200.     0.290900
      219300.     0.288900
      219400.     0.285900
      219500.     0.283900
      219600.     0.281900
      219700.     0.279900
      219800.     0.278900
      219900.     0.277900
      220000.     0.276900
      220100.     0.276900
      220200.     0.275900
      220300.     0.274900
      220400.     0.272900
      220500.     0.271900
      220600.     0.269900
      220700.     0.267900
      220800.     0.267000
      220900.     0.266000
      221000.     0.265000
      221100.     0.265000
      221200.     0.264000
      221300.     0.264000
      221400.     0.263000
      221500.     0.261000
      221600.     0.260000
      221700.     0.258000
      221800.     0.256000
      221900.     0.255000
      222000.     0.253000
      222100.     0.252000
      222200.     0.252000
      222300.     0.252000
      222400.     0.252000
      222500.     0.252000
      222600.     0.251000
      222700.     0.250000
      222800.     0.249000
      222900.     0.247000
      223000.     0.245000
      223100.     0.243000
      223200.     0.240000
      223300.     0.239000
      223400.     0.237000
      223500.     0.236000
      223600.     0.236000
      223700.     0.235000
      223800.     0.234000
      223900.     0.233000
      224000.     0.231000
      224100.     0.229000
      224200.     0.226000
      224300.     0.222000
      224400.     0.218000
      224500.     0.214000
      224600.     0.210000
      224700.     0.207000
      224800.     0.205000
      224900.     0.203000
      225000.     0.202000
      225100.     0.202000
      225200.     0.201000
      225300.     0.200000
      225400.     0.199000
      225500.     0.198000
      225600.     0.196000
      225700.     0.195000
      225800.     0.194000
      225900.     0.193000
      226000.     0.193000
      226100.     0.193000
      226200.     0.195000
      226300.     0.196000
      226400.     0.198000
      226500.     0.199000
      226600.     0.201000
      226700.     0.201000
      226800.     0.201000
      226900.     0.201000
      227000.     0.200000
      227100.     0.199000
      227200.     0.199000
      227300.     0.199000
      227400.     0.199000
      227500.     0.200000
      227600.     0.201000
      227700.     0.202000
      227800.     0.203000
      227900.     0.203000
      228000.     0.202000
      228100.     0.202000
      228200.     0.200000
      228300.     0.198000
      228400.     0.195000
      228500.     0.193000
      228600.     0.191000
      228700.     0.190000
      228800.     0.189000
      228900.     0.189000
      229000.     0.189000
      229100.     0.190000
      229200.     0.190000
      229300.     0.191000
      229400.     0.192000
      229500.     0.191900
      229600.     0.191900
      229700.     0.191900
      229800.     0.192900
      229900.     0.192900
      230000.     0.194900
      230100.     0.195900
      230200.     0.197900
      230300.     0.199900
      230400.     0.201900
      230500.     0.202900
      230600.     0.203900
      230700.     0.203900
      230800.     0.202900
      230900.     0.202900
      231000.     0.201900
      231100.     0.199900
      231200.     0.198900
      231300.     0.197900
      231400.     0.197000
      231500.     0.196000
      231600.     0.196000
      231700.     0.195000
      231800.     0.193000
      231900.     0.192000
      232000.     0.190000
      232100.     0.187000
      232200.     0.185000
      232300.     0.181000
      232400.     0.177000
      232500.     0.174000
      232600.     0.170000
      232700.     0.167000
      232800.     0.164000
      232900.     0.162000
      233000.     0.160000
      233100.     0.159000
      233200.     0.157000
      233300.     0.155000
      233400.     0.154000
      233500.     0.152000
      233600.     0.150000
      233700.     0.148000
      233800.     0.146000
      233900.     0.144000
      234000.     0.142000
      234100.     0.141000
      234200.     0.140000
      234300.     0.139000
      234400.     0.138000
      234500.     0.138000
      234600.     0.137000
      234700.     0.136000
      234800.     0.135000
      234900.     0.133000
      235000.     0.131000
      235100.     0.129000
      235200.     0.127000
      235300.     0.124000
      235400.     0.122000
      235500.     0.121000
      235600.     0.119000
      235700.     0.118000
      235800.     0.118000
      235900.     0.117000
      236000.     0.117000
      236100.     0.118000
      236200.     0.118000
      236300.     0.118000
      236400.     0.118000
      236500.     0.118000
      236600.     0.118000
      236700.     0.118000
      236800.     0.118000
      236900.     0.118000
      237000.     0.119000
      237100.     0.119000
      237200.     0.120000
      237300.     0.121000
      237400.     0.122000
      237500.     0.122000
      237600.     0.122000
      237700.     0.122000
      237800.     0.122000
      237900.     0.121000
      238000.     0.121000
      238100.     0.120000
      238200.     0.120000
      238300.     0.119000
      238400.     0.119000
      238500.     0.120000
      238600.     0.120000
      238700.     0.121000
      238800.     0.123000
      238900.     0.124000
      239000.     0.126000
      239100.     0.127000
      239200.     0.128000
      239300.     0.129000
      239400.     0.130000
      239500.     0.131000
      239600.     0.132000
      239700.     0.132000
      239800.     0.133000
      239900.     0.134000
      240000.     0.135000
      240100.     0.136000
      240200.     0.138000
      240300.     0.139000
      240400.     0.141000
      240500.     0.143000
      240600.     0.144000
      240700.     0.145000
      240800.     0.145000
      240900.     0.146000
      241000.     0.146000
      241100.     0.146000
      241200.     0.146000
      241300.     0.146000
      241400.     0.146000
      241500.     0.146000
      241600.     0.147000
      241700.     0.148000
      241800.     0.149000
      241900.     0.150000
      242000.     0.151000
      242100.     0.151000
      242200.     0.151000
      242300.     0.151000
      242400.     0.150000
      242500.     0.150000
      242600.     0.149000
      242700.     0.148000
      242800.     0.147000
      242900.     0.147000
      243000.     0.146000
      243100.     0.146000
      243200.     0.147000
      243300.     0.148000
      243400.     0.148000
      243500.     0.149000
      243600.     0.149000
      243700.     0.150000
      243800.     0.150000
      243900.     0.150000
      244000.     0.150000
      244100.     0.149000
      244200.     0.149000
      244300.     0.148000
      244400.     0.148000
      244500.     0.148000
      244600.     0.147000
      244700.     0.147000
      244800.     0.147000
      244900.     0.146000
      245000.     0.146000
      245100.     0.145000
      245200.     0.144000
      245300.     0.142100
      245400.     0.141100
      245500.     0.139100
      245600.     0.137100
      245700.     0.135100
      245800.     0.133100
      245900.     0.131100
      246000.     0.129100
      246100.     0.128100
      246200.     0.127100
      246300.     0.126100
      246400.     0.126100
      246500.     0.126100
      246600.     0.125100
      246700.     0.125100
      246800.     0.125100
      246900.     0.124100
      247000.     0.123100
      247100.     0.123100
      247200.     0.122100
      247300.     0.120100
      247400.     0.119100
      247500.     0.118100
      247600.     0.117100
      247700.     0.117100
      247800.     0.116100
      247900.     0.116100
      248000.     0.116100
      248100.     0.116100
      248200.     0.116100
      248300.     0.115100
      248400.     0.115100
      248500.     0.114100
      248600.     0.113100
      248700.     0.112100
      248800.     0.110100
      248900.     0.109100
      249000.     0.108100
      249100.     0.107100
      249200.     0.106100
      249300.     0.105100
      249400.     0.105100
      249500.     0.104100
      249600.     0.103100
      249700.     0.103100
      249800.     0.102100
      249900.     0.101100
      250000.     0.100000
      250100.    0.0989200
      250200.    0.0973200
      250300.    0.0956300
      250400.    0.0939300
      250500.    0.0921400
      250600.    0.0903500
      250700.    0.0885500
      250800.    0.0870600
      250900.    0.0857700
      251000.    0.0844800
      251100.    0.0834800
      251200.    0.0826800
      251300.    0.0818800
      251400.    0.0811700
      251500.    0.0805600
      251600.    0.0799500
      251700.    0.0793400
      251800.    0.0788400
      251900.    0.0782400
      252000.    0.0777400
      252100.    0.0772500
      252200.    0.0768600
      252300.    0.0764700
      252400.    0.0762800
      252500.    0.0760900
      252600.    0.0760000
      252700.    0.0761000
      252800.    0.0762000
      252900.    0.0762000
      253000.    0.0762000
      253100.    0.0762000
      253200.    0.0761000
      253300.    0.0756000
      253400.    0.0751900
      253500.    0.0745900
      253600.    0.0737900
      253700.    0.0729800
      253800.    0.0721800
      253900.    0.0713800
      254000.    0.0705700
      254100.    0.0698700
      254200.    0.0692700
      254300.    0.0686700
      254400.    0.0680700
      254500.    0.0674700
      254600.    0.0666800
      254700.    0.0659800
      254800.    0.0648900
      254900.    0.0636000
      255000.    0.0624000
      255100.    0.0609100
      255200.    0.0592200
      255300.    0.0576300
      255400.    0.0560400
      255500.    0.0546500
      255600.    0.0532600
      255700.    0.0520600
      255800.    0.0512700
      255900.    0.0505700
      256000.    0.0498800
      256100.    0.0493800
      256200.    0.0488800
      256300.    0.0483900
      256400.    0.0475900
      256500.    0.0466000
      256600.    0.0457100
      256700.    0.0444200
      256800.    0.0429400
      256900.    0.0413600
      257000.    0.0397700
      257100.    0.0380800
      257200.    0.0364000
      257300.    0.0348100
      257400.    0.0336100
      257500.    0.0323100
      257600.    0.0312100
      257700.    0.0307300
      257800.    0.0302400
      257900.    0.0297600
      258000.    0.0297800
      258100.    0.0298100
      258200.    0.0299300
      258300.    0.0301500
      258400.    0.0304600
      258500.    0.0308800
      258600.    0.0311900
      258700.    0.0316800
      258800.    0.0320800
      258900.    0.0325700
      259000.    0.0330500
      259100.    0.0335300
      259200.    0.0340200
      259300.    0.0343100
      259400.    0.0347000
      259500.    0.0350000
      259600.    0.0351000
      259700.    0.0351900
      259800.    0.0352000
      259900.    0.0351000
      260000.    0.0348100
      260100.    0.0344200
      260200.    0.0340400
      260300.    0.0334500
      260400.    0.0328700
      260500.    0.0322900
      260600.    0.0316200
      260700.    0.0309400
      260800.    0.0302700
      260900.    0.0297000
      261000.    0.0291300
      261100.    0.0285700
      261200.    0.0280100
      261300.    0.0274600
      261400.    0.0269900
      261500.    0.0264200
      261600.    0.0258500
      261700.    0.0252700
      261800.    0.0246100
      261900.    0.0238300
      262000.    0.0230300
      262100.    0.0222500
      262200.    0.0214500
      262300.    0.0207300
      262400.    0.0200100
      262500.    0.0193800
      262600.    0.0190400
      262700.    0.0187800
      262800.    0.0184400
      262900.    0.0186000
      263000.    0.0186800
      263100.    0.0188500
      263200.    0.0190500
      263300.    0.0192600
      263400.    0.0194700
      263500.    0.0195800
      263600.    0.0196800
      263700.    0.0196900
      263800.    0.0197000
      263900.    0.0197000
      264000.    0.0196100
      264100.    0.0195100
      264200.    0.0195200
      264300.    0.0195200
      264400.    0.0195200
      264500.    0.0195300
      264600.    0.0195500
      264700.    0.0195700
      264800.    0.0195800
      264900.    0.0193100
      265000.    0.0190500
      265100.    0.0187800
      265200.    0.0183400
      265300.    0.0176900
      265400.    0.0170400
      265500.    0.0164000
      265600.    0.0157400
      265700.    0.0149900
      265800.    0.0143200
      265900.    0.0135600
      266000.    0.0129500
      266100.    0.0122700
      266200.    0.0116000
      266300.    0.0109200
      266400.    0.0102500
      266500.   0.00957000
      266600.   0.00892200
      266700.   0.00827500
      266800.   0.00761000
      266900.   0.00711900
      267000.   0.00704600
      267100.   0.00689300
      267200.   0.00662600
      267300.    0.0239700
      267400.    0.0266800
      267500.    0.0266200
      267600.    0.0269000
      267700.    0.0260100
      267800.    0.0251200
      267900.    0.0243200
      268000.    0.0235200
      268100.    0.0227200
      268200.    0.0219400
      268300.    0.0210500
      268400.    0.0201200
      268500.    0.0192300
      268600.    0.0183800
      268700.    0.0175600
      268800.    0.0168000
      268900.    0.0160600
      269000.    0.0153500
      269100.    0.0146900
      269200.    0.0140500
      269300.    0.0134400
      269400.    0.0128600
      269500.    0.0122800
      269600.    0.0117300
      269700.    0.0112100
      269800.    0.0107000
      269900.    0.0102000
      270000.   0.00959700
      270100.   0.00890200
      270200.   0.00821200
      270300.   0.00719700
      270400.   0.00439900
      270500.   0.00471400
      270600.   0.00507600
      270700.   0.00550300
      270800.   0.00581600
      270900.   0.00613400
      271000.   0.00645600
      271100.   0.00667600
      271200.   0.00679100
      271300.   0.00688400
      271400.   0.00698300
      271500.   0.00694900
      271600.   0.00691900
      271700.   0.00688400
      271800.   0.00681500
      271900.   0.00672600
      272000.   0.00664800
      272100.   0.00657500
      272200.   0.00643500
      272300.   0.00626100
      272400.   0.00610600
      272500.   0.00589400
      272600.   0.00547600
      272700.   0.00506100
      272800.   0.00467100
      272900.   0.00411000
      273000.   0.00349500
      273100.   0.00293800
      273200.   0.00239400
      273300.   0.00142800
      273400.  0.000848700
      273500.  0.000514300
      273600.  0.000397700
      273700.  6.26300e-05
      273800.  0.000104200
      273900.  8.78000e-05
      274000.  7.37800e-05
      274100.  6.23300e-05
      274200.  5.23500e-05
      274300.  4.41900e-05
      274400.  3.73200e-05
      274500.  3.13200e-05
      274600.  2.63300e-05
      274700.  2.21400e-05
      274800.  1.86100e-05
      274900.  1.56200e-05
      275000.  1.31500e-05
      275100.  1.10500e-05
      275200.  9.27800e-06
      275300.  7.79500e-06
      275400.  7.07700e-06
      275500.  6.62500e-06
      275600.  6.19200e-06
      275700.  5.79600e-06
      275800.  5.40100e-06
      275900.  5.06000e-06
      276000.  4.73700e-06
      276100.  4.43200e-06
      276200.  4.14600e-06
      276300.  3.87800e-06
      276400.  3.62800e-06
      276500.  3.37800e-06
      276600.  3.15900e-06
      276700.  2.95300e-06
      276800.  2.76300e-06
      276900.  2.57700e-06
      277000.  2.40400e-06
      277100.  2.24900e-06
      277200.  4.77400e-06
      277300.  7.18500e-06
      277400.  1.73000e-05
      277500.  8.75500e-05
      277600.  0.000803000
      277700.   0.00106900
      277800.   0.00140100
      277900.   0.00179900
      278000.   0.00210500
      278100.   0.00218500
      278200.   0.00224300
      278300.   0.00232300
      278400.   0.00234700
      278500.   0.00235200
      278600.   0.00235900
      278700.   0.00236900
      278800.   0.00235500
      278900.   0.00235200
      279000.   0.00235100
      279100.   0.00231400
      279200.   0.00212900
      279300.   0.00197000
      279400.   0.00181600
      279500.   0.00151800
      279600.   0.00111300
      279700.  0.000809100
      279800.  0.000591700
      279900.  0.000131100
      280000.  3.66000e-05
      280500.  8.79700e-06
      281000.  1.06400e-05
      281500.  1.14800e-05
      282000.  1.24200e-05
      282500.  1.35100e-05
      283000.  1.41700e-05
      283500.  1.39000e-05
      284000.  1.37800e-05
      284500.  1.37100e-05
      285000.  1.26600e-05
      285500.  1.08900e-05
