# WISE W3
      50000.0  1.78100e-11
      50100.0  1.09400e-11
      50200.0  7.10000e-12
      50300.0  2.23900e-12
      50400.0  5.98800e-12
      50500.0  1.04500e-10
      50600.0  1.88100e-10
      50700.0  1.28800e-11
      50800.0  2.69300e-11
      50900.0  1.13100e-11
      51000.0  1.08100e-10
      51100.0  5.37400e-08
      51200.0  5.28200e-08
      51300.0  5.67200e-08
      51400.0  4.03600e-08
      51500.0  4.11500e-08
      51600.0  3.79900e-08
      51700.0  3.52600e-08
      51800.0  3.26100e-08
      51900.0  4.85900e-08
      52000.0  4.64700e-08
      52100.0  3.57400e-08
      52200.0  3.05600e-08
      52300.0  3.12400e-08
      52400.0  3.26900e-08
      52500.0  4.82600e-08
      52600.0  3.99000e-08
      52700.0  4.06000e-08
      52800.0  4.43700e-08
      52900.0  5.02200e-08
      53000.0  4.02700e-08
      53100.0  5.38300e-08
      53200.0  5.77300e-08
      53300.0  6.04900e-08
      53400.0  5.45900e-08
      53500.0  5.65600e-08
      53600.0  3.69700e-08
      53700.0  4.26500e-08
      53800.0  5.23100e-08
      53900.0  5.36400e-08
      54000.0  5.30200e-08
      54100.0  5.35300e-08
      54200.0  4.13400e-08
      54300.0  3.76800e-08
      54400.0  5.09900e-08
      54500.0  6.30400e-08
      54600.0  6.16100e-08
      54700.0  6.96000e-08
      54800.0  7.16700e-08
      54900.0  6.99800e-08
      55000.0  7.02400e-08
      55100.0  7.11200e-08
      55200.0  7.20900e-08
      55300.0  7.24700e-08
      55400.0  7.19100e-08
      55500.0  7.22300e-08
      55600.0  7.24300e-08
      55700.0  7.25300e-08
      55800.0  7.26800e-08
      55900.0  7.17200e-08
      56000.0  7.13900e-08
      56100.0  7.07900e-08
      56200.0  7.24400e-08
      56300.0  7.25300e-08
      56400.0  7.07200e-08
      56500.0  6.99800e-08
      56600.0  6.91100e-08
      56700.0  6.90200e-08
      56800.0  6.76000e-08
      56900.0  6.55400e-08
      57000.0  6.51200e-08
      57100.0  6.71000e-08
      57200.0  6.57900e-08
      57300.0  6.57000e-08
      57400.0  6.79700e-08
      57500.0  7.02200e-08
      57600.0  7.15900e-08
      57700.0  7.19700e-08
      57800.0  7.06600e-08
      57900.0  7.32900e-08
      58000.0  7.40300e-08
      58100.0  7.55200e-08
      58200.0  7.89100e-08
      58300.0  7.95200e-08
      58400.0  7.89800e-08
      58500.0  8.06000e-08
      58600.0  7.88300e-08
      58700.0  7.93100e-08
      58800.0  8.01900e-08
      58900.0  8.29800e-08
      59000.0  8.10500e-08
      59100.0  8.08500e-08
      59200.0  8.08700e-08
      59300.0  8.39000e-08
      59400.0  8.45000e-08
      59500.0  8.64200e-08
      59600.0  8.80300e-08
      59700.0  9.06000e-08
      59800.0  8.86700e-08
      59900.0  9.12500e-08
      60000.0  8.95100e-08
      60100.0  9.02100e-08
      60200.0  9.26800e-08
      60300.0  9.34000e-08
      60400.0  9.76200e-08
      60500.0  9.76400e-08
      60600.0  9.40200e-08
      60700.0  9.81800e-08
      60800.0  9.72700e-08
      60900.0  1.03200e-07
      61000.0  1.07100e-07
      61100.0  1.12600e-07
      61200.0  1.21100e-07
      61300.0  1.41400e-07
      61400.0  1.65300e-07
      61500.0  2.07100e-07
      61600.0  2.55700e-07
      61700.0  3.35000e-07
      61800.0  4.48800e-07
      61900.0  6.24000e-07
      62000.0  8.66500e-07
      62100.0  1.09000e-06
      62200.0  1.23100e-06
      62300.0  1.65400e-06
      62400.0  1.28200e-06
      62500.0  1.84800e-06
      62600.0  1.56900e-06
      62700.0  1.58800e-06
      62800.0  1.98200e-06
      62900.0  1.16400e-06
      63000.0  1.41700e-06
      63100.0  1.08200e-06
      63200.0  6.28800e-07
      63300.0  8.23700e-07
      63400.0  1.56600e-06
      63500.0  9.63900e-07
      63600.0  6.26000e-09
      63700.0  2.10900e-07
      63800.0  5.80100e-09
      63900.0  1.45000e-06
      64000.0  1.74700e-06
      64100.0  1.29800e-06
      64200.0  1.12700e-06
      64300.0  1.95400e-06
      64400.0  1.30200e-08
      64500.0  3.66700e-07
      64600.0  4.16200e-09
      64700.0  5.82300e-07
      64800.0  3.35600e-07
      64900.0  1.84500e-07
      65000.0  1.26600e-07
      65100.0  1.42800e-06
      65200.0  4.05800e-06
      65300.0  3.13800e-06
      65400.0  5.83700e-07
      65500.0  2.64800e-07
      65600.0  4.80800e-08
      65700.0  5.74000e-11
      65800.0  4.53100e-11
      65900.0  3.60500e-11
      66000.0  2.98400e-11
      66100.0  2.77600e-11
      66200.0  2.96100e-11
      66300.0  6.49200e-08
      66400.0  3.98000e-08
      66500.0  5.08700e-11
      66600.0  6.10000e-11
      66700.0  6.80700e-11
      66800.0  7.29800e-11
      66900.0  7.62800e-11
      67000.0  1.47300e-07
      67100.0  6.82600e-11
      67200.0  5.74600e-11
      67300.0  1.22200e-07
      67400.0  3.18700e-06
      67500.0  3.90000e-07
      67600.0  2.93800e-06
      67700.0  2.84000e-06
      67800.0  7.78000e-07
      67900.0  4.56500e-06
      68000.0  1.19000e-06
      68100.0  6.16400e-06
      68200.0  1.16900e-05
      68300.0  8.81300e-06
      68400.0  1.11100e-05
      68500.0  8.32300e-06
      68600.0  2.38400e-06
      68700.0  2.57300e-06
      68800.0  9.81900e-06
      68900.0  1.29100e-05
      69000.0  1.74900e-05
      69100.0  3.11800e-06
      69200.0  1.69400e-05
      69300.0  3.06800e-06
      69400.0  3.03300e-06
      69500.0  3.02500e-06
      69600.0  3.05800e-06
      69700.0  3.27700e-06
      69800.0  1.13900e-05
      69900.0  3.41500e-06
      70000.0  3.01400e-06
      70100.0  1.09800e-05
      70200.0  6.25200e-09
      70300.0  8.19300e-09
      70400.0  5.18800e-07
      70500.0  1.38000e-08
      70600.0  2.34100e-06
      70700.0  2.33700e-08
      70800.0  3.01600e-08
      70900.0  3.89600e-08
      71000.0  4.28200e-06
      71100.0  6.51100e-08
      71200.0  8.52000e-08
      71300.0  1.12000e-07
      71400.0  1.47800e-07
      71500.0  1.99200e-07
      71600.0  9.97700e-06
      71700.0  3.73200e-07
      71800.0  5.21100e-07
      71900.0  7.32900e-07
      72000.0  2.36700e-05
      72100.0   0.00144900
      72200.0   0.00142600
      72300.0   0.00178100
      72400.0   0.00187100
      72500.0   0.00172200
      72600.0   0.00180700
      72700.0   0.00160200
      72800.0  0.000963800
      72900.0   0.00137000
      73000.0   0.00223700
      73100.0   0.00280100
      73200.0   0.00298000
      73300.0   0.00291800
      73400.0   0.00312300
      73500.0   0.00304400
      73600.0   0.00275200
      73700.0   0.00274700
      73800.0   0.00261100
      73900.0   0.00277700
      74000.0   0.00300400
      74100.0   0.00350700
      74200.0   0.00444500
      74300.0   0.00581500
      74400.0   0.00755200
      74500.0   0.00954600
      74600.0    0.0117400
      74700.0    0.0141700
      74800.0    0.0172400
      74900.0    0.0212500
      75000.0    0.0269300
      75100.0    0.0348800
      75200.0    0.0459900
      75300.0    0.0610400
      75400.0    0.0806300
      75500.0     0.104400
      75600.0     0.132000
      75700.0     0.160500
      75800.0     0.185100
      75900.0     0.203900
      76000.0     0.214900
      76100.0     0.217900
      76200.0     0.214000
      76300.0     0.206000
      76400.0     0.196000
      76500.0     0.187000
      76600.0     0.179000
      76700.0     0.173000
      76800.0     0.168000
      76900.0     0.165000
      77000.0     0.164000
      77100.0     0.164000
      77200.0     0.164000
      77300.0     0.165000
      77400.0     0.166000
      77500.0     0.166000
      77600.0     0.167000
      77700.0     0.168000
      77800.0     0.170000
      77900.0     0.173000
      78000.0     0.176000
      78100.0     0.179000
      78200.0     0.182000
      78300.0     0.185000
      78400.0     0.188000
      78500.0     0.190000
      78600.0     0.192000
      78700.0     0.193000
      78800.0     0.194000
      78900.0     0.195000
      79000.0     0.197000
      79100.0     0.198000
      79200.0     0.200000
      79300.0     0.204000
      79400.0     0.207000
      79500.0     0.211000
      79600.0     0.216000
      79700.0     0.222000
      79800.0     0.228000
      79900.0     0.233000
      80000.0     0.237000
      80100.0     0.240000
      80200.0     0.243000
      80300.0     0.245000
      80400.0     0.247000
      80500.0     0.248000
      80600.0     0.248000
      80700.0     0.249000
      80800.0     0.249000
      80900.0     0.251000
      81000.0     0.252000
      81100.0     0.252000
      81200.0     0.252000
      81300.0     0.251000
      81400.0     0.249000
      81500.0     0.247000
      81600.0     0.244000
      81700.0     0.241000
      81800.0     0.239000
      81900.0     0.238000
      82000.0     0.236000
      82100.0     0.235000
      82200.0     0.233000
      82300.0     0.232000
      82400.0     0.231000
      82500.0     0.229000
      82600.0     0.226000
      82700.0     0.222000
      82800.0     0.218000
      82900.0     0.214000
      83000.0     0.213000
      83100.0     0.213000
      83200.0     0.213000
      83300.0     0.214000
      83400.0     0.214000
      83500.0     0.213000
      83600.0     0.212000
      83700.0     0.212000
      83800.0     0.213000
      83900.0     0.215000
      84000.0     0.217000
      84100.0     0.218000
      84200.0     0.220000
      84300.0     0.222000
      84400.0     0.224000
      84500.0     0.226000
      84600.0     0.229000
      84700.0     0.232000
      84800.0     0.235000
      84900.0     0.238000
      85000.0     0.241000
      85100.0     0.244000
      85200.0     0.246000
      85300.0     0.248000
      85400.0     0.250000
      85500.0     0.252000
      85600.0     0.254000
      85700.0     0.255000
      85800.0     0.256000
      85900.0     0.256000
      86000.0     0.255000
      86100.0     0.254000
      86200.0     0.253000
      86300.0     0.252000
      86400.0     0.250000
      86500.0     0.249000
      86600.0     0.248000
      86700.0     0.247000
      86800.0     0.246000
      86900.0     0.244000
      87000.0     0.243000
      87100.0     0.241000
      87200.0     0.240000
      87300.0     0.239000
      87400.0     0.236000
      87500.0     0.231000
      87600.0     0.220000
      87700.0     0.201000
      87800.0     0.175000
      87900.0     0.150000
      88000.0     0.136000
      88100.0     0.140000
      88200.0     0.157000
      88300.0     0.180000
      88400.0     0.200000
      88500.0     0.214000
      88600.0     0.222000
      88700.0     0.227000
      88800.0     0.230000
      88900.0     0.233000
      89000.0     0.236000
      89100.0     0.239000
      89200.0     0.241000
      89300.0     0.243000
      89400.0     0.244000
      89500.0     0.244000
      89600.0     0.245000
      89700.0     0.246000
      89800.0     0.246000
      89900.0     0.247000
      90000.0     0.247000
      90100.0     0.246000
      90200.0     0.245000
      90300.0     0.244000
      90400.0     0.243000
      90500.0     0.242000
      90600.0     0.242000
      90700.0     0.243000
      90800.0     0.243000
      90900.0     0.244000
      91000.0     0.245000
      91100.0     0.247000
      91200.0     0.247000
      91300.0     0.248000
      91400.0     0.248000
      91500.0     0.247000
      91600.0     0.246000
      91700.0     0.244000
      91800.0     0.243000
      91900.0     0.241000
      92000.0     0.240000
      92100.0     0.240000
      92200.0     0.239000
      92300.0     0.239000
      92400.0     0.238000
      92500.0     0.238000
      92600.0     0.236000
      92700.0     0.236000
      92800.0     0.235000
      92900.0     0.235000
      93000.0     0.236000
      93100.0     0.236000
      93200.0     0.237000
      93300.0     0.237000
      93400.0     0.237000
      93500.0     0.238000
      93600.0     0.238000
      93700.0     0.237000
      93800.0     0.237000
      93900.0     0.237000
      94000.0     0.238000
      94100.0     0.238000
      94200.0     0.239000
      94300.0     0.239000
      94400.0     0.240000
      94500.0     0.241000
      94600.0     0.242000
      94700.0     0.243000
      94800.0     0.245000
      94900.0     0.247000
      95000.0     0.249000
      95100.0     0.251000
      95200.0     0.252000
      95300.0     0.252000
      95400.0     0.252000
      95500.0     0.251000
      95600.0     0.249000
      95700.0     0.248000
      95800.0     0.246000
      95900.0     0.244000
      96000.0     0.242000
      96100.0     0.240000
      96200.0     0.239000
      96300.0     0.238000
      96400.0     0.238000
      96500.0     0.239000
      96600.0     0.240000
      96700.0     0.242000
      96800.0     0.243000
      96900.0     0.245000
      97000.0     0.246000
      97100.0     0.246000
      97200.0     0.246000
      97300.0     0.246000
      97400.0     0.245000
      97500.0     0.244000
      97600.0     0.244000
      97700.0     0.244000
      97800.0     0.244000
      97900.0     0.245000
      98000.0     0.246000
      98100.0     0.247000
      98200.0     0.248000
      98300.0     0.249000
      98400.0     0.250000
      98500.0     0.251000
      98600.0     0.252000
      98700.0     0.253000
      98800.0     0.254000
      98900.0     0.255000
      99000.0     0.257000
      99100.0     0.259000
      99200.0     0.262000
      99300.0     0.264000
      99400.0     0.267000
      99500.0     0.269000
      99600.0     0.271000
      99700.0     0.273000
      99800.0     0.274000
      99900.0     0.276000
      100000.     0.277000
      100100.     0.279000
      100200.     0.282000
      100300.     0.284000
      100400.     0.287000
      100500.     0.291000
      100600.     0.295000
      100700.     0.299000
      100800.     0.302000
      100900.     0.306000
      101000.     0.310000
      101100.     0.313000
      101200.     0.316000
      101300.     0.319000
      101400.     0.321000
      101500.     0.323000
      101600.     0.325000
      101700.     0.327000
      101800.     0.327000
      101900.     0.327000
      102000.     0.326000
      102100.     0.324000
      102200.     0.322000
      102300.     0.320000
      102400.     0.318000
      102500.     0.317000
      102600.     0.315000
      102700.     0.312000
      102800.     0.310000
      102900.     0.307000
      103000.     0.305000
      103100.     0.302000
      103200.     0.301000
      103300.     0.300000
      103400.     0.299000
      103500.     0.299000
      103600.     0.299000
      103700.     0.299000
      103800.     0.299000
      103900.     0.298000
      104000.     0.297000
      104100.     0.296000
      104200.     0.295000
      104300.     0.294000
      104400.     0.292000
      104500.     0.292000
      104600.     0.291000
      104700.     0.291000
      104800.     0.291000
      104900.     0.292000
      105000.     0.293000
      105100.     0.294000
      105200.     0.295000
      105300.     0.295000
      105400.     0.296000
      105500.     0.297000
      105600.     0.298000
      105700.     0.299000
      105800.     0.301000
      105900.     0.302000
      106000.     0.304000
      106100.     0.305000
      106200.     0.306000
      106300.     0.307000
      106400.     0.308000
      106500.     0.309000
      106600.     0.310000
      106700.     0.311000
      106800.     0.313000
      106900.     0.314000
      107000.     0.314000
      107100.     0.315000
      107200.     0.315000
      107300.     0.314000
      107400.     0.313000
      107500.     0.312000
      107600.     0.311000
      107700.     0.310000
      107800.     0.309000
      107900.     0.308000
      108000.     0.308000
      108100.     0.308000
      108200.     0.309000
      108300.     0.310000
      108400.     0.311000
      108500.     0.312000
      108600.     0.313000
      108700.     0.313000
      108800.     0.312000
      108900.     0.311000
      109000.     0.310000
      109100.     0.308000
      109200.     0.306000
      109300.     0.305000
      109400.     0.303000
      109500.     0.301000
      109600.     0.300000
      109700.     0.299000
      109800.     0.298000
      109900.     0.298000
      110000.     0.298000
      110100.     0.298000
      110200.     0.299000
      110300.     0.300000
      110400.     0.301000
      110500.     0.301000
      110600.     0.301000
      110700.     0.300000
      110800.     0.299000
      110900.     0.299000
      111000.     0.298000
      111100.     0.298000
      111200.     0.297000
      111300.     0.297000
      111400.     0.297000
      111500.     0.296000
      111600.     0.296000
      111700.     0.294000
      111800.     0.293000
      111900.     0.291000
      112000.     0.289000
      112100.     0.287000
      112200.     0.285000
      112300.     0.283000
      112400.     0.282000
      112500.     0.281000
      112600.     0.280000
      112700.     0.280000
      112800.     0.281000
      112900.     0.281000
      113000.     0.282000
      113100.     0.283000
      113200.     0.285000
      113300.     0.286000
      113400.     0.287000
      113500.     0.288000
      113600.     0.289000
      113700.     0.289000
      113800.     0.290000
      113900.     0.290000
      114000.     0.291000
      114100.     0.291000
      114200.     0.292000
      114300.     0.293000
      114400.     0.294000
      114500.     0.295000
      114600.     0.296000
      114700.     0.298000
      114800.     0.299000
      114900.     0.301000
      115000.     0.302000
      115100.     0.304000
      115200.     0.306000
      115300.     0.308000
      115400.     0.310000
      115500.     0.312000
      115600.     0.314000
      115700.     0.315000
      115800.     0.316000
      115900.     0.317000
      116000.     0.317000
      116100.     0.318000
      116200.     0.318000
      116300.     0.319000
      116400.     0.319000
      116500.     0.320000
      116600.     0.320000
      116700.     0.321000
      116800.     0.321000
      116900.     0.321000
      117000.     0.321000
      117100.     0.320000
      117200.     0.319000
      117300.     0.317000
      117400.     0.315000
      117500.     0.314000
      117600.     0.312000
      117700.     0.310000
      117800.     0.309000
      117900.     0.308000
      118000.     0.307000
      118100.     0.307000
      118200.     0.306000
      118300.     0.306000
      118400.     0.306000
      118500.     0.305000
      118600.     0.304000
      118700.     0.303000
      118800.     0.302000
      118900.     0.301000
      119000.     0.299000
      119100.     0.298000
      119200.     0.297000
      119300.     0.296000
      119400.     0.295000
      119500.     0.295000
      119600.     0.294000
      119700.     0.294000
      119800.     0.294000
      119900.     0.293000
      120000.     0.293000
      120100.     0.292000
      120200.     0.291000
      120300.     0.290000
      120400.     0.289000
      120500.     0.288000
      120600.     0.286000
      120700.     0.285000
      120800.     0.283000
      120900.     0.283000
      121000.     0.282000
      121100.     0.282000
      121200.     0.282000
      121300.     0.283000
      121400.     0.284000
      121500.     0.285000
      121600.     0.286000
      121700.     0.287000
      121800.     0.288000
      121900.     0.289000
      122000.     0.291000
      122100.     0.291000
      122200.     0.292000
      122300.     0.293000
      122400.     0.293000
      122500.     0.294000
      122600.     0.294000
      122700.     0.294000
      122800.     0.295000
      122900.     0.295000
      123000.     0.296000
      123100.     0.297000
      123200.     0.299000
      123300.     0.301000
      123400.     0.303000
      123500.     0.305000
      123600.     0.307000
      123700.     0.309000
      123800.     0.311000
      123900.     0.314000
      124000.     0.316000
      124100.     0.319000
      124200.     0.322000
      124300.     0.324000
      124400.     0.327000
      124500.     0.329000
      124600.     0.332000
      124700.     0.334000
      124800.     0.336000
      124900.     0.337000
      125000.     0.338000
      125100.     0.339000
      125200.     0.340000
      125300.     0.339000
      125400.     0.339000
      125500.     0.338000
      125600.     0.337000
      125700.     0.336000
      125800.     0.335000
      125900.     0.334000
      126000.     0.334000
      126100.     0.334000
      126200.     0.334000
      126300.     0.335000
      126400.     0.336000
      126500.     0.337000
      126600.     0.338000
      126700.     0.337900
      126800.     0.338900
      126900.     0.338900
      127000.     0.338900
      127100.     0.338900
      127200.     0.338900
      127300.     0.339000
      127400.     0.339000
      127500.     0.339000
      127600.     0.340000
      127700.     0.340000
      127800.     0.341000
      127900.     0.342000
      128000.     0.343000
      128100.     0.344000
      128200.     0.346000
      128300.     0.348000
      128400.     0.350000
      128500.     0.352000
      128600.     0.355000
      128700.     0.357000
      128800.     0.359000
      128900.     0.362000
      129000.     0.363000
      129100.     0.365000
      129200.     0.366000
      129300.     0.367000
      129400.     0.367000
      129500.     0.368000
      129600.     0.368000
      129700.     0.367000
      129800.     0.367000
      129900.     0.367000
      130000.     0.367000
      130100.     0.367000
      130200.     0.367000
      130300.     0.368000
      130400.     0.369000
      130500.     0.370000
      130600.     0.371000
      130700.     0.373000
      130800.     0.376000
      130900.     0.378000
      131000.     0.381000
      131100.     0.384000
      131200.     0.387000
      131300.     0.390000
      131400.     0.392000
      131500.     0.395000
      131600.     0.398000
      131700.     0.400000
      131800.     0.402000
      131900.     0.404000
      132000.     0.406000
      132100.     0.408000
      132200.     0.409000
      132300.     0.410000
      132400.     0.411000
      132500.     0.412000
      132600.     0.413000
      132700.     0.414000
      132800.     0.414000
      132900.     0.414000
      133000.     0.414000
      133100.     0.414000
      133200.     0.413000
      133300.     0.412000
      133400.     0.410000
      133500.     0.409000
      133600.     0.408000
      133700.     0.406000
      133800.     0.405000
      133900.     0.404000
      134000.     0.403000
      134100.     0.403000
      134200.     0.403000
      134300.     0.403000
      134400.     0.403000
      134500.     0.404000
      134600.     0.404000
      134700.     0.405000
      134800.     0.405000
      134900.     0.406000
      135000.     0.406000
      135100.     0.406000
      135200.     0.406000
      135300.     0.406000
      135400.     0.406000
      135500.     0.406000
      135600.     0.406000
      135700.     0.407000
      135800.     0.407000
      135900.     0.408000
      136000.     0.408000
      136100.     0.409000
      136200.     0.409000
      136300.     0.410000
      136400.     0.410000
      136500.     0.410000
      136600.     0.409000
      136700.     0.409000
      136800.     0.408000
      136900.     0.407000
      137000.     0.406000
      137100.     0.405000
      137200.     0.404000
      137300.     0.403000
      137400.     0.402000
      137500.     0.401000
      137600.     0.401000
      137700.     0.401000
      137800.     0.401000
      137900.     0.401000
      138000.     0.402000
      138100.     0.402000
      138200.     0.403000
      138300.     0.404000
      138400.     0.404000
      138500.     0.404000
      138600.     0.405000
      138700.     0.405000
      138800.     0.405000
      138900.     0.405000
      139000.     0.405000
      139100.     0.406000
      139200.     0.406000
      139300.     0.406000
      139400.     0.407000
      139500.     0.408000
      139600.     0.409000
      139700.     0.410000
      139800.     0.411000
      139900.     0.412000
      140000.     0.414000
      140100.     0.415000
      140200.     0.416000
      140300.     0.417000
      140400.     0.418000
      140500.     0.418000
      140600.     0.419000
      140700.     0.419000
      140800.     0.418000
      140900.     0.418000
      141000.     0.417000
      141100.     0.417000
      141200.     0.416000
      141300.     0.415000
      141400.     0.415000
      141500.     0.415000
      141600.     0.414000
      141700.     0.415000
      141800.     0.415000
      141900.     0.416000
      142000.     0.416000
      142100.     0.417000
      142200.     0.418000
      142300.     0.418000
      142400.     0.419000
      142500.     0.419000
      142600.     0.419000
      142700.     0.418000
      142800.     0.417000
      142900.     0.417000
      143000.     0.416000
      143100.     0.415000
      143200.     0.415000
      143300.     0.414000
      143400.     0.414000
      143500.     0.414000
      143600.     0.415000
      143700.     0.415000
      143800.     0.416000
      143900.     0.417000
      144000.     0.418000
      144100.     0.418000
      144200.     0.419000
      144300.     0.420000
      144400.     0.420000
      144500.     0.420000
      144600.     0.420000
      144700.     0.419000
      144800.     0.418000
      144900.     0.417000
      145000.     0.416000
      145100.     0.415000
      145200.     0.414000
      145300.     0.413000
      145400.     0.412000
      145500.     0.411000
      145600.     0.410000
      145700.     0.409000
      145800.     0.408000
      145900.     0.407000
      146000.     0.406000
      146100.     0.405000
      146200.     0.404000
      146300.     0.403000
      146400.     0.402000
      146500.     0.401000
      146600.     0.400000
      146700.     0.399000
      146800.     0.398000
      146900.     0.398000
      147000.     0.397000
      147100.     0.397000
      147200.     0.396000
      147300.     0.396000
      147400.     0.395000
      147500.     0.395000
      147600.     0.395000
      147700.     0.394000
      147800.     0.393000
      147900.     0.392000
      148000.     0.391000
      148100.     0.391000
      148200.     0.389000
      148300.     0.388000
      148400.     0.387000
      148500.     0.386000
      148600.     0.385000
      148700.     0.384000
      148800.     0.383000
      148900.     0.382000
      149000.     0.381000
      149100.     0.380000
      149200.     0.379000
      149300.     0.377000
      149400.     0.376000
      149500.     0.375000
      149600.     0.373000
      149700.     0.372000
      149800.     0.371000
      149900.     0.369000
      150000.     0.368000
      150100.     0.367000
      150200.     0.366000
      150300.     0.365000
      150400.     0.364000
      150500.     0.363000
      150600.     0.362000
      150700.     0.361000
      150800.     0.360000
      150900.     0.359000
      151000.     0.357000
      151100.     0.356000
      151200.     0.355000
      151300.     0.353000
      151400.     0.351000
      151500.     0.349000
      151600.     0.347000
      151700.     0.344000
      151800.     0.341000
      151900.     0.338000
      152000.     0.335000
      152100.     0.332000
      152200.     0.328000
      152300.     0.325000
      152400.     0.321000
      152500.     0.318000
      152600.     0.315000
      152700.     0.311000
      152800.     0.308000
      152900.     0.305000
      153000.     0.302000
      153100.     0.299000
      153200.     0.297000
      153300.     0.294000
      153400.     0.291000
      153500.     0.288000
      153600.     0.285000
      153700.     0.282000
      153800.     0.279100
      153900.     0.276100
      154000.     0.273100
      154100.     0.270100
      154200.     0.267100
      154300.     0.265000
      154400.     0.262000
      154500.     0.260000
      154600.     0.259000
      154700.     0.257000
      154800.     0.256000
      154900.     0.255000
      155000.     0.254000
      155100.     0.254000
      155200.     0.254000
      155300.     0.253000
      155400.     0.253000
      155500.     0.253000
      155600.     0.253000
      155700.     0.253000
      155800.     0.254000
      155900.     0.254000
      156000.     0.254000
      156100.     0.254000
      156200.     0.255000
      156300.     0.255000
      156400.     0.256000
      156500.     0.256000
      156600.     0.257000
      156700.     0.257000
      156800.     0.258000
      156900.     0.258000
      157000.     0.258000
      157100.     0.259000
      157200.     0.259000
      157300.     0.259000
      157400.     0.259000
      157500.     0.258000
      157600.     0.258000
      157700.     0.258000
      157800.     0.257000
      157900.     0.257000
      158000.     0.256000
      158100.     0.255000
      158200.     0.255000
      158300.     0.254000
      158400.     0.253000
      158500.     0.252000
      158600.     0.250000
      158700.     0.249000
      158800.     0.248000
      158900.     0.246000
      159000.     0.245000
      159100.     0.243000
      159200.     0.241000
      159300.     0.240000
      159400.     0.238000
      159500.     0.236000
      159600.     0.235000
      159700.     0.233000
      159800.     0.232000
      159900.     0.231000
      160000.     0.230000
      160100.     0.229000
      160200.     0.228000
      160300.     0.227000
      160400.     0.227000
      160500.     0.226000
      160600.     0.226000
      160700.     0.226000
      160800.     0.226000
      160900.     0.226000
      161000.     0.225000
      161100.     0.225000
      161200.     0.225000
      161300.     0.224000
      161400.     0.224000
      161500.     0.224000
      161600.     0.223000
      161700.     0.222000
      161800.     0.222000
      161900.     0.221000
      162000.     0.220000
      162100.     0.219000
      162200.     0.218000
      162300.     0.217000
      162400.     0.215000
      162500.     0.214000
      162600.     0.212000
      162700.     0.210000
      162800.     0.208000
      162900.     0.206000
      163000.     0.203000
      163100.     0.200000
      163200.     0.197100
      163300.     0.194100
      163400.     0.191100
      163500.     0.187100
      163600.     0.183100
      163700.     0.179100
      163800.     0.175100
      163900.     0.171100
      164000.     0.167100
      164100.     0.162100
      164200.     0.158100
      164300.     0.153100
      164400.     0.149100
      164500.     0.144100
      164600.     0.139100
      164700.     0.135100
      164800.     0.130100
      164900.     0.125100
      165000.     0.121100
      165100.     0.116100
      165200.     0.112100
      165300.     0.107100
      165400.     0.103100
      165500.    0.0982600
      165600.    0.0939500
      165700.    0.0897500
      165800.    0.0857400
      165900.    0.0816400
      166000.    0.0778400
      166100.    0.0741500
      166200.    0.0705500
      166300.    0.0670500
      166400.    0.0636600
      166500.    0.0605600
      166600.    0.0574600
      166700.    0.0544600
      166800.    0.0517500
      166900.    0.0491500
      167000.    0.0466400
      167100.    0.0443300
      167200.    0.0420300
      167300.    0.0399200
      167400.    0.0380200
      167500.    0.0360200
      167600.    0.0343200
      167700.    0.0327200
      167800.    0.0311200
      167900.    0.0297200
      168000.    0.0283300
      168100.    0.0270200
      168200.    0.0258200
      168300.    0.0246200
      168400.    0.0236200
      168500.    0.0226100
      168600.    0.0216100
      168700.    0.0207100
      168800.    0.0198000
      168900.    0.0190000
      169000.    0.0182900
      169100.    0.0174900
      169200.    0.0168800
      169300.    0.0161800
      169400.    0.0155800
      169500.    0.0150800
      169600.    0.0144800
      169700.    0.0139800
      169800.    0.0134800
      169900.    0.0130800
      170000.    0.0126800
      170100.    0.0122800
      170200.    0.0118800
      170300.    0.0114800
      170400.    0.0111700
      170500.    0.0107800
      170600.    0.0104700
      170700.    0.0101700
      170800.   0.00984100
      170900.   0.00952700
      171000.   0.00922000
      171100.   0.00890400
      171200.   0.00858100
      171300.   0.00826400
      171400.   0.00793900
      171500.   0.00759600
      171600.   0.00726100
      171700.   0.00690500
      171800.   0.00653900
      171900.   0.00617100
      172000.   0.00580500
      172100.   0.00542800
      172200.   0.00505200
      172300.   0.00467400
      172400.   0.00430600
      172500.   0.00392700
      172600.   0.00356700
      172700.   0.00320600
      172800.   0.00284400
      172900.   0.00249500
      173000.   0.00217500
      173100.   0.00184700
      173200.   0.00155300
      173300.   0.00125000
      173400.  0.000976400
      173500.  0.000660300
      173600.  0.000700300
      173700.  0.000442400
      173800.   0.00230400
      173900.   0.00246900
      174000.   0.00248600
      174100.   0.00234500
      174200.   0.00202900
      174300.   0.00159000
      174400.   0.00105900
      174500.  0.000437300
      174600.   0.00113600
      174700.  0.000234300
      174800.  0.000643100
      174900.  0.000880300
      175000.   0.00101000
      175100.   0.00136500
      175200.   0.00132800
      175300.   0.00109800
      175400.  0.000920800
      175500.  0.000769100
      175600.  0.000631600
      175700.  0.000503100
      175800.  0.000363300
      175900.  0.000419400
      176000.  0.000379500
      176100.  0.000345800
      176200.  0.000317100
      176300.  0.000293600
      176400.  0.000264800
      176500.  0.000218400
      176600.  0.000204600
      176700.  0.000187000
      176800.  0.000169500
      176900.  0.000152600
      177000.  0.000136700
      177100.  0.000118900
      177200.  0.000111000
      177300.  0.000103500
      177400.  9.72600e-05
      177500.  9.17800e-05
      177600.  8.66800e-05
      177700.  8.11600e-05
      177800.  7.64600e-05
      177900.  7.22600e-05
      178000.  6.85600e-05
      178100.  6.54100e-05
      178200.  6.24100e-05
      178300.  5.97200e-05
      178400.  5.72700e-05
      178500.  5.50900e-05
      178600.  5.30100e-05
      178700.  5.11600e-05
      178800.  4.92800e-05
      178900.  4.83700e-05
      179000.  4.74300e-05
      179100.  4.65800e-05
      179200.  4.57100e-05
      179300.  4.49400e-05
      179400.  4.41500e-05
      179500.  4.33600e-05
      179600.  4.87000e-05
      179700.  5.02900e-05
      179800.  5.06700e-05
      179900.  5.04300e-05
      180000.  5.01100e-05
      180100.  4.95200e-05
      180200.  4.92700e-05
      180300.  4.81500e-05
      180400.  4.60800e-05
      180500.  3.99500e-05
      180600.  4.01600e-05
      180700.  4.03100e-05
      180800.  4.03700e-05
      180900.  4.05600e-05
      181000.  4.06400e-05
      181100.  4.08500e-05
      181200.  4.09500e-05
      181300.  4.11000e-05
      181400.  4.11300e-05
      181500.  4.11000e-05
      181600.  4.11600e-05
      181700.  4.12100e-05
      181800.  4.11900e-05
      181900.  4.72900e-05
      182000.  4.95700e-05
      182100.  5.05100e-05
      182200.  5.05800e-05
      182300.  5.02100e-05
      182400.  4.96200e-05
      182500.  4.85100e-05
      182600.  4.70500e-05
      182700.  4.50200e-05
      182800.  4.28000e-05
      182900.  3.95000e-05
      183000.  3.90800e-05
      183100.  3.85600e-05
      183200.  3.79400e-05
      183300.  3.74300e-05
      183400.  3.69200e-05
      183500.  3.64200e-05
      183600.  3.59100e-05
      183700.  3.54100e-05
      183800.  3.49100e-05
      183900.  3.43200e-05
      184000.  3.35500e-05
      184100.  3.27800e-05
      184200.  3.20200e-05
      184300.  3.13500e-05
      184400.  3.05800e-05
      184500.  2.85300e-05
      184600.  3.18800e-05
      184700.  3.26200e-05
      184800.  3.27400e-05
      184900.  3.25500e-05
      185000.  3.21900e-05
      185100.  3.16900e-05
      185200.  3.10000e-05
      185300.  3.03800e-05
      185400.  2.96500e-05
      185500.  2.87300e-05
      185600.  2.77800e-05
      185700.  2.67400e-05
      185800.  2.56900e-05
      185900.  2.49000e-05
      186000.  2.45300e-05
      186100.  2.44100e-05
      186200.  2.41100e-05
      186300.  2.35300e-05
      186400.  2.22600e-05
      186500.  1.99000e-05
      186600.  1.96800e-05
      186700.  1.94600e-05
      186800.  1.93400e-05
      186900.  1.91400e-05
      187000.  1.89300e-05
      187100.  1.88400e-05
      187200.  1.86500e-05
      187300.  1.85700e-05
      187400.  2.07600e-05
      187500.  2.12900e-05
      187600.  2.14300e-05
      187700.  2.12300e-05
      187800.  2.07400e-05
      187900.  1.97100e-05
      188000.  1.75800e-05
      188100.  1.74200e-05
      188200.  1.73600e-05
      188300.  1.71900e-05
      188400.  1.70300e-05
      188500.  1.68700e-05
      188600.  1.68000e-05
      188700.  1.66400e-05
      188800.  1.64700e-05
      188900.  1.63000e-05
      189000.  1.62200e-05
      189100.  1.59400e-05
      189200.  1.72300e-05
      189300.  1.77600e-05
      189400.  1.81000e-05
      189500.  1.83000e-05
      189600.  1.83200e-05
      189700.  1.81600e-05
      189800.  1.78200e-05
      189900.  1.68100e-05
      190000.  1.45000e-05
      190100.  1.43100e-05
      190200.  1.41200e-05
      190300.  1.39300e-05
      190400.  1.37400e-05
      190500.  1.35500e-05
      190600.  1.34500e-05
      190700.  1.32500e-05
      190800.  1.33600e-05
      190900.  1.51100e-05
      191000.  1.52300e-05
      191100.  1.51300e-05
      191200.  1.48500e-05
      191300.  1.43700e-05
      191400.  1.38900e-05
      191500.  1.34300e-05
      191600.  1.30000e-05
      191700.  1.25900e-05
      191800.  1.23900e-05
      191900.  1.22900e-05
      192000.  1.22800e-05
      192100.  1.23800e-05
      192200.  1.25500e-05
      192300.  1.27700e-05
      192400.  1.29700e-05
      192500.  1.32300e-05
      192600.  1.33400e-05
      192700.  1.33800e-05
      192800.  1.33600e-05
      192900.  1.33400e-05
      193000.  1.31900e-05
      193100.  1.29800e-05
      193200.  1.27200e-05
      193300.  1.24400e-05
      193400.  1.22300e-05
      193500.  1.19700e-05
      193600.  1.18500e-05
      193700.  1.16700e-05
      193800.  1.15900e-05
      193900.  1.14100e-05
      194000.  1.12800e-05
      194100.  1.10300e-05
      194200.  1.08300e-05
      194300.  1.05000e-05
      194400.  1.02500e-05
      194500.  1.00600e-05
      194600.  9.89600e-06
      194700.  9.96400e-06
      194800.  1.00300e-05
      194900.  1.02100e-05
      195000.  1.03000e-05
      195100.  1.04500e-05
      195200.  1.04700e-05
      195300.  1.05300e-05
      195400.  1.04500e-05
      195500.  1.04000e-05
      195600.  1.01900e-05
      195700.  1.00000e-05
      195800.  9.65300e-06
      195900.  9.31300e-06
      196000.  8.79200e-06
      196100.  8.32800e-06
      196200.  8.08100e-06
      196300.  8.30700e-06
      196400.  8.54900e-06
      196500.  8.70900e-06
      196600.  8.80800e-06
      196700.  8.83500e-06
      196800.  8.82800e-06
      196900.  8.78800e-06
      197000.  8.73500e-06
      197100.  8.69100e-06
      197200.  8.63200e-06
      197300.  8.57900e-06
      197400.  8.52800e-06
      197500.  8.48600e-06
      197600.  8.42900e-06
      197700.  8.36600e-06
      197800.  8.29100e-06
      197900.  8.21500e-06
      198000.  8.12500e-06
      198100.  8.01500e-06
      198200.  7.92000e-06
      198300.  7.83200e-06
      198400.  7.76500e-06
      198500.  7.72800e-06
      198600.  7.71000e-06
      198700.  7.71200e-06
      198800.  7.70600e-06
      198900.  7.71700e-06
      199000.  7.70200e-06
      199100.  7.68300e-06
      199200.  7.63400e-06
      199300.  7.52100e-06
      199400.  7.33300e-06
      199500.  6.95600e-06
      199600.  6.48400e-06
      199700.  6.84100e-06
      199800.  7.39600e-06
      199900.  7.79900e-06