# Table 6 System throughput curve for the WFCAM K filter
# 1.0mm water vapour, 1.3 airmass
# Col 1: wavelength (microns)
# Col 2: throughput
#
  19010.00        0.000100000
  19015.00        0.000200000
  19020.00        0.000300000
  19025.00        0.000100000
  19030.00        0.000000000
  19035.00        0.000100000
  19040.00        0.000300000
  19045.00        0.000200000
  19050.00        0.000100000
  19055.00        0.000000000
  19060.00        0.000100000
  19065.00        0.000100000
  19070.00        0.000000000
  19075.00        0.000300000
  19080.00        0.000400000
  19085.00        0.000400000
  19090.00        0.000100000
  19095.00        0.000500000
  19100.00        0.000400000
  19105.00        0.000200000
  19110.00        0.000300000
  19115.00        0.000000000
  19120.00        0.000200000
  19125.00        0.000300000
  19130.00        0.000300000
  19135.00        0.000000000
  19140.00        0.000100000
  19145.00        0.000200000
  19150.00        0.000300000
  19155.00        0.000600000
  19160.00        0.000200000
  19165.00        0.000100000
  19170.00        0.000300000
  19175.00        0.000700000
  19180.00        0.000800000
  19185.00        0.000800000
  19190.00        0.000700000
  19195.00        0.000300000
  19200.00        0.000000000
  19205.00        0.000100000
  19210.00        0.000000000
  19215.00        0.000400000
  19220.00        0.000800000
  19225.00        0.000900000
  19230.00        0.000900000
  19235.00        0.000900000
  19240.00        0.000100000
  19245.00        0.000200000
  19250.00        0.000900000
  19255.00        0.001100000
  19260.00        0.000800000
  19265.00        0.001000000
  19270.00        0.000200000
  19275.00        0.000500000
  19280.00        0.001100000
  19285.00        0.000300000
  19290.00        0.000800000
  19295.00        0.001200000
  19300.00        0.001000000
  19305.00        0.000700000
  19310.00        0.000400000
  19315.00        0.000900000
  19320.00        0.000800000
  19325.00        0.001500000
  19330.00        0.001000000
  19335.00        0.001500000
  19340.00        0.000400000
  19345.00        0.001200000
  19350.00        0.001800000
  19355.00        0.001700000
  19360.00        0.001600000
  19365.00        0.000700000
  19370.00        0.001700000
  19375.00        0.001700000
  19380.00        0.000800000
  19385.00        0.001800000
  19390.00        0.000900000
  19395.00        0.001100000
  19400.00        0.001300000
  19405.00        0.002200000
  19410.00        0.001300000
  19415.00        0.000900000
  19420.00        0.002000000
  19425.00        0.002600000
  19430.00        0.002400000
  19435.00        0.001900000
  19440.00        0.002200000
  19445.00        0.001800000
  19450.00        0.001500000
  19455.00        0.002500000
  19460.00        0.002400000
  19465.00        0.002600000
  19470.00        0.002300000
  19475.00        0.002200000
  19480.00        0.002500000
  19485.00        0.002200000
  19490.00        0.002800000
  19495.00        0.002400000
  19500.00        0.002600000
  19505.00        0.002600000
  19510.00        0.002500000
  19515.00        0.003200000
  19520.00        0.003100000
  19525.00        0.002700000
  19530.00        0.002700000
  19535.00        0.002200000
  19540.00        0.002700000
  19545.00        0.002100000
  19550.00        0.002600000
  19555.00        0.002000000
  19560.00        0.002500000
  19565.00        0.002300000
  19570.00        0.002800000
  19575.00        0.003100000
  19580.00        0.002700000
  19585.00        0.003200000
  19590.00        0.002500000
  19595.00        0.002300000
  19600.00        0.003600000
  19605.00        0.004400000
  19610.00        0.003300000
  19615.00        0.004100000
  19620.00        0.003900000
  19625.00        0.004700000
  19630.00        0.004200000
  19635.00        0.003400000
  19640.00        0.003200000
  19645.00        0.003800000
  19650.00        0.005300000
  19655.00        0.004600000
  19660.00        0.003500000
  19665.00        0.004700000
  19670.00        0.006100000
  19675.00        0.005200000
  19680.00        0.004000000
  19685.00        0.006100000
  19690.00        0.006500000
  19695.00        0.005300000
  19700.00        0.006000000
  19705.00        0.007300000
  19710.00        0.005900000
  19715.00        0.005300000
  19720.00        0.007200000
  19725.00        0.007100000
  19730.00        0.007000000
  19735.00        0.008300000
  19740.00        0.007300000
  19745.00        0.007700000
  19750.00        0.009000000
  19755.00        0.008600000
  19760.00        0.008400000
  19765.00        0.009600000
  19770.00        0.009400000
  19775.00        0.009600000
  19780.00        0.010000000
  19785.00        0.010000000
  19790.00        0.010600000
  19795.00        0.010200000
  19800.00        0.008300000
  19805.00        0.009200000
  19810.00        0.011400000
  19815.00        0.011800000
  19820.00        0.012000000
  19825.00        0.012200000
  19830.00        0.011800000
  19835.00        0.012800000
  19840.00        0.013100000
  19845.00        0.013300000
  19850.00        0.013300000
  19855.00        0.013600000
  19860.00        0.014200000
  19865.00        0.014400000
  19870.00        0.011100000
  19875.00        0.014900000
  19880.00        0.015400000
  19885.00        0.015799999
  19890.00        0.016200000
  19895.00        0.016500000
  19900.00        0.015100000
  19905.00        0.016300000
  19910.00        0.017500000
  19915.00        0.018200001
  19920.00        0.018500000
  19925.00        0.018900000
  19930.00        0.019400001
  19935.00        0.019800000
  19940.00        0.019300001
  19945.00        0.020300001
  19950.00        0.021100000
  19955.00        0.020600000
  19960.00        0.021199999
  19965.00        0.020900000
  19970.00        0.020300001
  19975.00        0.020199999
  19980.00        0.018100001
  19985.00        0.018600000
  19990.00        0.017100001
  19995.00        0.017100001
  20000.00        0.018200001
  20005.00        0.016400000
  20010.00        0.013900000
  20015.00        0.011800000
  20020.00        0.011700000
  20025.00        0.010600000
  20030.00        0.008500000
  20035.00        0.010300000
  20040.00        0.010200000
  20045.00        0.009500000
  20050.00        0.011600000
  20055.00        0.012900000
  20060.00        0.017100001
  20065.00        0.020800000
  20070.00        0.022100000
  20075.00        0.019700000
  20080.00        0.017899999
  20085.00        0.025900001
  20090.00        0.036499999
  20095.00        0.024200000
  20100.00        0.026100000
  20105.00        0.032200001
  20110.00        0.023000000
  20115.00        0.017800000
  20120.00        0.027899999
  20125.00        0.033100002
  20130.00        0.022900000
  20135.00        0.019700000
  20140.00        0.037300002
  20145.00        0.032499999
  20150.00        0.019099999
  20155.00        0.042700000
  20160.00        0.038600001
  20165.00        0.024599999
  20170.00        0.046999998
  20175.00        0.040600002
  20180.00        0.032099999
  20185.00        0.058300000
  20190.00        0.040199999
  20195.00        0.056200001
  20200.00        0.063000001
  20205.00        0.046799999
  20210.00        0.074100003
  20215.00        0.059000000
  20220.00        0.068700001
  20225.00        0.084299996
  20230.00        0.066799998
  20235.00        0.089000002
  20240.00        0.073899999
  20245.00        0.092200004
  20250.00        0.091799997
  20255.00        0.096299998
  20260.00        0.102200001
  20265.00        0.098899998
  20270.00        0.109800003
  20275.00        0.104000002
  20280.00        0.113899998
  20285.00        0.109099999
  20290.00        0.121500000
  20295.00        0.118699998
  20300.00        0.127700001
  20305.00        0.125499994
  20310.00        0.130999997
  20315.00        0.133000001
  20320.00        0.136000007
  20325.00        0.137600005
  20330.00        0.139300004
  20335.00        0.141100004
  20340.00        0.144700006
  20345.00        0.146799996
  20350.00        0.149200007
  20355.00        0.151199996
  20360.00        0.152899995
  20365.00        0.154899999
  20370.00        0.157000005
  20375.00        0.158800006
  20380.00        0.160999998
  20385.00        0.162300006
  20390.00        0.164499998
  20395.00        0.164800003
  20400.00        0.162200004
  20405.00        0.162400007
  20410.00        0.165000007
  20415.00        0.165999994
  20420.00        0.168400005
  20425.00        0.173800007
  20430.00        0.176100001
  20435.00        0.178200006
  20440.00        0.174899995
  20445.00        0.176400006
  20450.00        0.180199996
  20455.00        0.182500005
  20460.00        0.182699993
  20465.00        0.180800006
  20470.00        0.179900005
  20475.00        0.176699996
  20480.00        0.172299996
  20485.00        0.173099995
  20490.00        0.170699999
  20495.00        0.157499999
  20500.00        0.156200007
  20505.00        0.152099997
  20510.00        0.135199994
  20515.00        0.135299996
  20520.00        0.138200000
  20525.00        0.138200000
  20530.00        0.157900006
  20535.00        0.163599998
  20540.00        0.154699996
  20545.00        0.135100007
  20550.00        0.120099999
  20555.00        0.116800003
  20560.00        0.149100006
  20565.00        0.162200004
  20570.00        0.160600007
  20575.00        0.130300000
  20580.00        0.129999995
  20585.00        0.168400005
  20590.00        0.182999998
  20595.00        0.172800004
  20600.00        0.171100006
  20605.00        0.199399993
  20610.00        0.160200000
  20615.00        0.165900007
  20620.00        0.188400000
  20625.00        0.162699997
  20630.00        0.122199997
  20635.00        0.168200001
  20640.00        0.181400001
  20645.00        0.131200001
  20650.00        0.145699993
  20655.00        0.186700001
  20660.00        0.155100003
  20665.00        0.136299998
  20670.00        0.186299995
  20675.00        0.174700007
  20680.00        0.138699993
  20685.00        0.188700005
  20690.00        0.182699993
  20695.00        0.147499993
  20700.00        0.194000006
  20705.00        0.182999998
  20710.00        0.159099996
  20715.00        0.197899997
  20720.00        0.175799996
  20725.00        0.181400001
  20730.00        0.203799993
  20735.00        0.175600007
  20740.00        0.196400002
  20745.00        0.196199998
  20750.00        0.176100001
  20755.00        0.204400003
  20760.00        0.195800006
  20765.00        0.202500001
  20770.00        0.204600006
  20775.00        0.196700007
  20780.00        0.208199993
  20785.00        0.205300003
  20790.00        0.211099997
  20795.00        0.213400006
  20800.00        0.209000006
  20805.00        0.214100003
  20810.00        0.210600004
  20815.00        0.211899996
  20820.00        0.209600002
  20825.00        0.209999993
  20830.00        0.210199997
  20835.00        0.209600002
  20840.00        0.209299996
  20845.00        0.210700005
  20850.00        0.208900005
  20855.00        0.209000006
  20860.00        0.213000000
  20865.00        0.214399993
  20870.00        0.210600004
  20875.00        0.215499997
  20880.00        0.216100007
  20885.00        0.211400002
  20890.00        0.217199996
  20895.00        0.216199994
  20900.00        0.211300001
  20905.00        0.218600005
  20910.00        0.216199994
  20915.00        0.216700003
  20920.00        0.219400004
  20925.00        0.216000006
  20930.00        0.219600007
  20935.00        0.218999997
  20940.00        0.215100005
  20945.00        0.220500007
  20950.00        0.219500005
  20955.00        0.220599994
  20960.00        0.220500007
  20965.00        0.221000001
  20970.00        0.221399993
  20975.00        0.221399993
  20980.00        0.221300006
  20985.00        0.218400002
  20990.00        0.219099998
  20995.00        0.222399995
  21000.00        0.221900001
  21005.00        0.219500005
  21010.00        0.221599996
  21015.00        0.219799995
  21020.00        0.221100003
  21025.00        0.222000003
  21030.00        0.222100005
  21035.00        0.223100007
  21040.00        0.223199993
  21045.00        0.222700000
  21050.00        0.222100005
  21055.00        0.222900003
  21060.00        0.223100007
  21065.00        0.222700000
  21070.00        0.222800002
  21075.00        0.222200006
  21080.00        0.222599998
  21085.00        0.222700000
  21090.00        0.221900001
  21095.00        0.222000003
  21100.00        0.221900001
  21105.00        0.222299993
  21110.00        0.222000003
  21115.00        0.223100007
  21120.00        0.221100003
  21125.00        0.221599996
  21130.00        0.224199995
  21135.00        0.224000007
  21140.00        0.223299995
  21145.00        0.224500000
  21150.00        0.223900005
  21155.00        0.223499998
  21160.00        0.224099994
  21165.00        0.223600000
  21170.00        0.223700002
  21175.00        0.224299997
  21180.00        0.223900005
  21185.00        0.217299998
  21190.00        0.224199995
  21195.00        0.223800004
  21200.00        0.223199993
  21205.00        0.223600000
  21210.00        0.224399999
  21215.00        0.224199995
  21220.00        0.224700004
  21225.00        0.224800006
  21230.00        0.224900007
  21235.00        0.224999994
  21240.00        0.224999994
  21245.00        0.221100003
  21250.00        0.224900007
  21255.00        0.225500003
  21260.00        0.225700006
  21265.00        0.225799993
  21270.00        0.225899994
  21275.00        0.224399999
  21280.00        0.223100007
  21285.00        0.226099998
  21290.00        0.226099998
  21295.00        0.226199999
  21300.00        0.226300001
  21305.00        0.226400003
  21310.00        0.226600006
  21315.00        0.226600006
  21320.00        0.226699993
  21325.00        0.226699993
  21330.00        0.226799995
  21335.00        0.226899996
  21340.00        0.226999998
  21345.00        0.227100000
  21350.00        0.227100000
  21355.00        0.227100000
  21360.00        0.225799993
  21365.00        0.227300003
  21370.00        0.227400005
  21375.00        0.227500007
  21380.00        0.227599993
  21385.00        0.227599993
  21390.00        0.227599993
  21395.00        0.227699995
  21400.00        0.227799997
  21405.00        0.227899998
  21410.00        0.227899998
  21415.00        0.228000000
  21420.00        0.228100002
  21425.00        0.228100002
  21430.00        0.227400005
  21435.00        0.228000000
  21440.00        0.228300005
  21445.00        0.228200004
  21450.00        0.228400007
  21455.00        0.228499994
  21460.00        0.228400007
  21465.00        0.228499994
  21470.00        0.228400007
  21475.00        0.228100002
  21480.00        0.228000000
  21485.00        0.228400007
  21490.00        0.227400005
  21495.00        0.227699995
  21500.00        0.227400005
  21505.00        0.228200004
  21510.00        0.227899998
  21515.00        0.224800006
  21520.00        0.226799995
  21525.00        0.227100000
  21530.00        0.225999996
  21535.00        0.227500007
  21540.00        0.228300005
  21545.00        0.228400007
  21550.00        0.227400005
  21555.00        0.227400005
  21560.00        0.229200006
  21565.00        0.228499994
  21570.00        0.229000002
  21575.00        0.228699997
  21580.00        0.228900000
  21585.00        0.229100004
  21590.00        0.226400003
  21595.00        0.228900000
  21600.00        0.227599993
  21605.00        0.229200006
  21610.00        0.223900005
  21615.00        0.226699993
  21620.00        0.229000002
  21625.00        0.227899998
  21630.00        0.228699997
  21635.00        0.216000006
  21640.00        0.228799999
  21645.00        0.229200006
  21650.00        0.228699997
  21655.00        0.228599995
  21660.00        0.228799999
  21665.00        0.228100002
  21670.00        0.224199995
  21675.00        0.228499994
  21680.00        0.228100002
  21685.00        0.225299999
  21690.00        0.227799997
  21695.00        0.229000002
  21700.00        0.229000002
  21705.00        0.228100002
  21710.00        0.229100004
  21715.00        0.229100004
  21720.00        0.229000002
  21725.00        0.221300006
  21730.00        0.225899994
  21735.00        0.228900000
  21740.00        0.228200004
  21745.00        0.224800006
  21750.00        0.227699995
  21755.00        0.228300005
  21760.00        0.227699995
  21765.00        0.226999998
  21770.00        0.228799999
  21775.00        0.228799999
  21780.00        0.227899998
  21785.00        0.216199994
  21790.00        0.227799997
  21795.00        0.225799993
  21800.00        0.228499994
  21805.00        0.228499994
  21810.00        0.228499994
  21815.00        0.228499994
  21820.00        0.228499994
  21825.00        0.228100002
  21830.00        0.226799995
  21835.00        0.219899997
  21840.00        0.221599996
  21845.00        0.226400003
  21850.00        0.217099994
  21855.00        0.227500007
  21860.00        0.228100002
  21865.00        0.228100002
  21870.00        0.226400003
  21875.00        0.227300003
  21880.00        0.226500005
  21885.00        0.227200001
  21890.00        0.228000000
  21895.00        0.225099996
  21900.00        0.227699995
  21905.00        0.223800004
  21910.00        0.227799997
  21915.00        0.227899998
  21920.00        0.227899998
  21925.00        0.227799997
  21930.00        0.227799997
  21935.00        0.227799997
  21940.00        0.227799997
  21945.00        0.224900007
  21950.00        0.220300004
  21955.00        0.227599993
  21960.00        0.227699995
  21965.00        0.226799995
  21970.00        0.227599993
  21975.00        0.226899996
  21980.00        0.225799993
  21985.00        0.220899999
  21990.00        0.223499998
  21995.00        0.215499997
  22000.00        0.206699997
  22005.00        0.202500001
  22010.00        0.224900007
  22015.00        0.222900003
  22020.00        0.220799997
  22025.00        0.220599994
  22030.00        0.223100007
  22035.00        0.226199999
  22040.00        0.224999994
  22045.00        0.223800004
  22050.00        0.216900006
  22055.00        0.225600004
  22060.00        0.226400003
  22065.00        0.227599993
  22070.00        0.227599993
  22075.00        0.226899996
  22080.00        0.228100002
  22085.00        0.228400007
  22090.00        0.228499994
  22095.00        0.228499994
  22100.00        0.228599995
  22105.00        0.227899998
  22110.00        0.226600006
  22115.00        0.228200004
  22120.00        0.228900000
  22125.00        0.229000002
  22130.00        0.229100004
  22135.00        0.229200006
  22140.00        0.228900000
  22145.00        0.229000002
  22150.00        0.227799997
  22155.00        0.229399994
  22160.00        0.224199995
  22165.00        0.218199998
  22170.00        0.228900000
  22175.00        0.229599997
  22180.00        0.229200006
  22185.00        0.229000002
  22190.00        0.230100006
  22195.00        0.230299994
  22200.00        0.230100006
  22205.00        0.229000002
  22210.00        0.229699999
  22215.00        0.217099994
  22220.00        0.225199997
  22225.00        0.230499998
  22230.00        0.230499998
  22235.00        0.230700001
  22240.00        0.229900002
  22245.00        0.230700001
  22250.00        0.230800003
  22255.00        0.231000006
  22260.00        0.230199993
  22265.00        0.224600002
  22270.00        0.226699993
  22275.00        0.230100006
  22280.00        0.231299996
  22285.00        0.231500000
  22290.00        0.231800005
  22295.00        0.232500002
  22300.00        0.232800007
  22305.00        0.232199997
  22310.00        0.231600001
  22315.00        0.223299995
  22320.00        0.231299996
  22325.00        0.221399993
  22330.00        0.231600001
  22335.00        0.229399994
  22340.00        0.233099997
  22345.00        0.232700005
  22350.00        0.233199999
  22355.00        0.234099999
  22360.00        0.231000006
  22365.00        0.226999998
  22370.00        0.233400002
  22375.00        0.227799997
  22380.00        0.228300005
  22385.00        0.235200003
  22390.00        0.235799998
  22395.00        0.234799996
  22400.00        0.235499993
  22405.00        0.230800003
  22410.00        0.233899996
  22415.00        0.226600006
  22420.00        0.236900002
  22425.00        0.234200001
  22430.00        0.233799994
  22435.00        0.234599993
  22440.00        0.226099998
  22445.00        0.234699994
  22450.00        0.237599999
  22455.00        0.237299994
  22460.00        0.228300005
  22465.00        0.231800005
  22470.00        0.226199999
  22475.00        0.231000006
  22480.00        0.237499997
  22485.00        0.238299996
  22490.00        0.236699998
  22495.00        0.236200005
  22500.00        0.236000001
  22505.00        0.231000006
  22510.00        0.234400004
  22515.00        0.237399995
  22520.00        0.237499997
  22525.00        0.233899996
  22530.00        0.234500006
  22535.00        0.232600003
  22540.00        0.222599998
  22545.00        0.234200001
  22550.00        0.237299994
  22555.00        0.229800001
  22560.00        0.227300003
  22565.00        0.231900007
  22570.00        0.221900001
  22575.00        0.235400006
  22580.00        0.233899996
  22585.00        0.229900002
  22590.00        0.237800002
  22595.00        0.236900002
  22600.00        0.231800005
  22605.00        0.235300004
  22610.00        0.215100005
  22615.00        0.226799995
  22620.00        0.222700000
  22625.00        0.222000003
  22630.00        0.238900006
  22635.00        0.227699995
  22640.00        0.232400000
  22645.00        0.229300007
  22650.00        0.224900007
  22655.00        0.236900002
  22660.00        0.237299994
  22665.00        0.237299994
  22670.00        0.234799996
  22675.00        0.229900002
  22680.00        0.228499994
  22685.00        0.213400006
  22690.00        0.221200004
  22695.00        0.234300002
  22700.00        0.233899996
  22705.00        0.214800000
  22710.00        0.234899998
  22715.00        0.228499994
  22720.00        0.229800001
  22725.00        0.211099997
  22730.00        0.233500004
  22735.00        0.228300005
  22740.00        0.234300002
  22745.00        0.232500002
  22750.00        0.226300001
  22755.00        0.195099995
  22760.00        0.207200006
  22765.00        0.214800000
  22770.00        0.222100005
  22775.00        0.227699995
  22780.00        0.227599993
  22785.00        0.229699999
  22790.00        0.230199993
  22795.00        0.230700001
  22800.00        0.230199993
  22805.00        0.218500003
  22810.00        0.212599993
  22815.00        0.224700004
  22820.00        0.226699993
  22825.00        0.220100001
  22830.00        0.183699995
  22835.00        0.226699993
  22840.00        0.192900002
  22845.00        0.225299999
  22850.00        0.219999999
  22855.00        0.206599995
  22860.00        0.225099996
  22865.00        0.222000003
  22870.00        0.221399993
  22875.00        0.220699996
  22880.00        0.222399995
  22885.00        0.220500007
  22890.00        0.221200004
  22895.00        0.193900004
  22900.00        0.185299993
  22905.00        0.217199996
  22910.00        0.213000000
  22915.00        0.216900006
  22920.00        0.218300000
  22925.00        0.197500005
  22930.00        0.217899993
  22935.00        0.214300007
  22940.00        0.204999998
  22945.00        0.214499995
  22950.00        0.195500001
  22955.00        0.207699999
  22960.00        0.201399997
  22965.00        0.211199999
  22970.00        0.214800000
  22975.00        0.215900004
  22980.00        0.207699999
  22985.00        0.185399994
  22990.00        0.200499997
  22995.00        0.199100003
  23000.00        0.196400002
  23005.00        0.196899995
  23010.00        0.200499997
  23015.00        0.211799994
  23020.00        0.206799999
  23025.00        0.205200002
  23030.00        0.208800003
  23035.00        0.194000006
  23040.00        0.198400006
  23045.00        0.183500007
  23050.00        0.202099994
  23055.00        0.196199998
  23060.00        0.202500001
  23065.00        0.199800000
  23070.00        0.206799999
  23075.00        0.174500003
  23080.00        0.206300005
  23085.00        0.208900005
  23090.00        0.204300001
  23095.00        0.203199998
  23100.00        0.205200002
  23105.00        0.211199999
  23110.00        0.211500004
  23115.00        0.211099997
  23120.00        0.205699995
  23125.00        0.210199997
  23130.00        0.211400002
  23135.00        0.211500004
  23140.00        0.211500004
  23145.00        0.211500004
  23150.00        0.210899994
  23155.00        0.210600004
  23160.00        0.193299994
  23165.00        0.184599996
  23170.00        0.146300003
  23175.00        0.178100005
  23180.00        0.175999999
  23185.00        0.180600002
  23190.00        0.199900001
  23195.00        0.195600003
  23200.00        0.200299993
  23205.00        0.204500005
  23210.00        0.202500001
  23215.00        0.206200004
  23220.00        0.196700007
  23225.00        0.201199993
  23230.00        0.205899999
  23235.00        0.211099997
  23240.00        0.206400007
  23245.00        0.213400006
  23250.00        0.212400004
  23255.00        0.195299998
  23260.00        0.214599997
  23265.00        0.205200002
  23270.00        0.215100005
  23275.00        0.216000006
  23280.00        0.216999993
  23285.00        0.177200004
  23290.00        0.210600004
  23295.00        0.210899994
  23300.00        0.218400002
  23305.00        0.218500003
  23310.00        0.209600002
  23315.00        0.210299999
  23320.00        0.208299994
  23325.00        0.214200005
  23330.00        0.216999993
  23335.00        0.218799993
  23340.00        0.207100004
  23345.00        0.214900002
  23350.00        0.207200006
  23355.00        0.220100001
  23360.00        0.204699993
  23365.00        0.220300004
  23370.00        0.222299993
  23375.00        0.220699996
  23380.00        0.216499999
  23385.00        0.207900003
  23390.00        0.217099994
  23395.00        0.213799998
  23400.00        0.188299999
  23405.00        0.204799995
  23410.00        0.206799999
  23415.00        0.210199997
  23420.00        0.214699998
  23425.00        0.219400004
  23430.00        0.222599998
  23435.00        0.214100003
  23440.00        0.222299993
  23445.00        0.220799997
  23450.00        0.210600004
  23455.00        0.214000002
  23460.00        0.219300002
  23465.00        0.211500004
  23470.00        0.217199996
  23475.00        0.205300003
  23480.00        0.197899997
  23485.00        0.206599995
  23490.00        0.221599996
  23495.00        0.218500003
  23500.00        0.218400002
  23505.00        0.193599999
  23510.00        0.180800006
  23515.00        0.216199994
  23520.00        0.210700005
  23525.00        0.186600000
  23530.00        0.220699996
  23535.00        0.189199999
  23540.00        0.224700004
  23545.00        0.216800004
  23550.00        0.213900000
  23555.00        0.218799993
  23560.00        0.165199995
  23565.00        0.216900006
  23570.00        0.216800004
  23575.00        0.215100005
  23580.00        0.209000006
  23585.00        0.181799993
  23590.00        0.176799998
  23595.00        0.216299996
  23600.00        0.214399993
  23605.00        0.212799996
  23610.00        0.211500004
  23615.00        0.182899997
  23620.00        0.202399999
  23625.00        0.206400007
  23630.00        0.204899997
  23635.00        0.202000007
  23640.00        0.181799993
  23645.00        0.180099994
  23650.00        0.196199998
  23655.00        0.195199996
  23660.00        0.189899996
  23665.00        0.187500000
  23670.00        0.185499996
  23675.00        0.152199998
  23680.00        0.178800002
  23685.00        0.177100003
  23690.00        0.163699999
  23695.00        0.176699996
  23700.00        0.151600003
  23705.00        0.093500003
  23710.00        0.126200005
  23715.00        0.117100000
  23720.00        0.144099995
  23725.00        0.142100006
  23730.00        0.149299994
  23735.00        0.150299996
  23740.00        0.155100003
  23745.00        0.151199996
  23750.00        0.145699993
  23755.00        0.146899998
  23760.00        0.144500002
  23765.00        0.130199999
  23770.00        0.125599995
  23775.00        0.136000007
  23780.00        0.126100004
  23785.00        0.129600003
  23790.00        0.134000003
  23795.00        0.130600005
  23800.00        0.118400000
  23805.00        0.114000000
  23810.00        0.124799997
  23815.00        0.123700000
  23820.00        0.122100003
  23825.00        0.118299998
  23830.00        0.101800002
  23835.00        0.097900003
  23840.00        0.077900000
  23845.00        0.103299998
  23850.00        0.108800001
  23855.00        0.106200002
  23860.00        0.084500000
  23865.00        0.092200004
  23870.00        0.100199997
  23875.00        0.090099998
  23880.00        0.082300000
  23885.00        0.093900003
  23890.00        0.093800001
  23895.00        0.090300001
  23900.00        0.082199998
  23905.00        0.087600000
  23910.00        0.079800002
  23915.00        0.050400000
  23920.00        0.082300000
  23925.00        0.080200002
  23930.00        0.077799998
  23935.00        0.075000003
  23940.00        0.075300001
  23945.00        0.071000002
  23950.00        0.069899999
  23955.00        0.067500003
  23960.00        0.069300003
  23965.00        0.059599999
  23970.00        0.059900001
  23975.00        0.061900001
  23980.00        0.061999999
  23985.00        0.061999999
  23990.00        0.059200000
  23995.00        0.057999998
  24000.00        0.057700001
  24005.00        0.049500000
  24010.00        0.055700000
  24015.00        0.054699998
  24020.00        0.052299999
  24025.00        0.051800001
  24030.00        0.050400000
  24035.00        0.049500000
  24040.00        0.042800002
  24045.00        0.040199999
  24050.00        0.046200000
  24055.00        0.043499999
  24060.00        0.042300001
  24065.00        0.042800002
  24070.00        0.032000002
  24075.00        0.037300002
  24080.00        0.038500000
  24085.00        0.039299998
  24090.00        0.037400000
  24095.00        0.035999998
  24100.00        0.028500000
  24105.00        0.035100002
  24110.00        0.034699999
  24115.00        0.032600001
  24120.00        0.031300001
  24125.00        0.031800002
  24130.00        0.031300001
  24135.00        0.029999999
  24140.00        0.028000001
  24145.00        0.024100000
  24150.00        0.028000001
  24155.00        0.026300000
  24160.00        0.014600000
  24165.00        0.023700001
  24170.00        0.025100000
  24175.00        0.024200000
  24180.00        0.023600001
  24185.00        0.013600000
  24190.00        0.015200000
  24195.00        0.016100001
  24200.00        0.021100000
  24205.00        0.020900000
  24210.00        0.020300001
  24215.00        0.019800000
  24220.00        0.017999999
  24225.00        0.018600000
  24230.00        0.018100001
  24235.00        0.017700000
  24240.00        0.013500000
  24245.00        0.016400000
  24250.00        0.015699999
  24255.00        0.015600000
  24260.00        0.015100000
  24265.00        0.011700000
  24270.00        0.014500000
  24275.00        0.014000000
  24280.00        0.013700000
  24285.00        0.013500000
  24290.00        0.013000000
  24295.00        0.012600000
  24300.00        0.012200000
  24305.00        0.012000000
  24310.00        0.011600000
  24315.00        0.011300000
  24320.00        0.011000000
  24325.00        0.010600000
  24330.00        0.009900000
  24335.00        0.008100000
  24340.00        0.009700000
  24345.00        0.009100000
  24350.00        0.007400000
  24355.00        0.002600000
  24360.00        0.005700000
  24365.00        0.005300000
  24370.00        0.007900000
  24375.00        0.007800000
  24380.00        0.007700000
  24385.00        0.007500000
  24390.00        0.007300000
  24395.00        0.007100000
  24400.00        0.006900000
  24405.00        0.006700000
  24410.00        0.006500000
  24415.00        0.006300000
  24420.00        0.006200000
  24425.00        0.005900000
  24430.00        0.005200000
  24435.00        0.005600000
  24440.00        0.005400000
  24445.00        0.005300000
  24450.00        0.005100000
  24455.00        0.004800000
  24460.00        0.001900000
  24465.00        0.004100000
  24470.00        0.004000000
  24475.00        0.003600000
  24480.00        0.003300000
  24485.00        0.004200000
  24490.00        0.004100000
  24495.00        0.003900000
  24500.00        0.002900000
  24505.00        0.003000000
  24510.00        0.002800000
  24515.00        0.001800000
  24520.00        0.003200000
  24525.00        0.003300000
  24530.00        0.003300000
  24535.00        0.003000000
  24540.00        0.002800000
  24545.00        0.002100000
  24550.00        0.002600000
  24555.00        0.002800000
  24560.00        0.002800000
  24565.00        0.002700000
  24570.00        0.002600000
  24575.00        0.002500000
  24580.00        0.002500000
  24585.00        0.002400000
  24590.00        0.002300000
  24595.00        0.002200000
  24600.00        0.002200000
  24605.00        0.002200000
  24610.00        0.002100000
  24615.00        0.002000000
  24620.00        0.001900000
  24625.00        0.001200000
  24630.00        0.001100000
  24635.00        0.001800000
  24640.00        0.001800000
  24645.00        0.001500000
  24650.00        0.001700000
  24655.00        0.001700000
  24660.00        0.001600000
  24665.00        0.001600000
  24670.00        0.001500000
  24675.00        0.001400000
  24680.00        0.001200000
  24685.00        0.001400000
  24690.00        0.001400000
  24695.00        0.001300000
  24700.00        0.001300000
  24705.00        0.001300000
  24710.00        0.001200000
  24715.00        0.001100000
  24720.00        0.000500000
  24725.00        0.000400000
  24730.00        0.000400000
  24735.00        0.001000000
  24740.00        0.001100000
  24745.00        0.001000000
  24750.00        0.001000000
  24755.00        0.001000000
  24760.00        0.001000000
  24765.00        0.001000000
  24770.00        0.000900000
  24775.00        0.000800000
  24780.00        0.000900000
  24785.00        0.000800000
  24790.00        0.000800000
  24795.00        0.000800000
  24800.00        0.000700000
  24805.00        0.000400000
  24810.00        0.000700000
  24815.00        0.000300000
  24820.00        0.000700000
  24825.00        0.000700000
  24830.00        0.000700000
  24835.00        0.000600000
  24840.00        0.000300000
  24845.00        0.000300000
  24850.00        0.000600000
  24855.00        0.000600000
  24860.00        0.000600000
  24865.00        0.000600000
  24870.00        0.000400000
  24875.00        0.000400000
  24880.00        0.000100000
  24885.00        0.000300000
  24890.00        0.000500000
  24895.00        0.000400000
  24900.00        0.000500000
  24905.00        0.000400000
  24910.00        0.000400000
  24915.00        0.000400000
  24920.00        0.000200000
  24925.00        0.000400000
  24930.00        0.000400000
  24935.00        0.000400000
  24940.00        0.000400000
  24945.00        0.000100000
  24950.00        0.000200000
  24955.00        0.000300000
  24960.00        0.000400000
  24965.00        0.000300000
  24970.00        0.000400000
  24975.00        0.000400000
  24980.00        0.000300000
  24985.00        0.000400000
  24990.00        0.000300000
  24995.00        0.000300000
